0.33183	0.42793	0.30856	0.25901	1332
0.31357	0.43396	0.28841	0.21833	1113
0.28502	0.40580	0.24638	0.20290	207
0.27365	0.38017	0.24518	0.19559	1089
0.35271	0.41860	0.32558	0.31395	258
0.33289	0.44090	0.28685	0.27092	2259
0.32377	0.43443	0.31967	0.21721	732
0.28687	0.35619	0.30088	0.20354	1356
0.35279	0.46845	0.34227	0.24763	1902
0.35974	0.48391	0.31683	0.27847	2424
0.35306	0.47929	0.34024	0.23964	1014
0.35348	0.47253	0.30769	0.28022	546
0.37048	0.53313	0.32229	0.25602	996
0.36842	0.49624	0.34586	0.26316	1197
0.38676	0.51196	0.37081	0.27751	1254
0.34783	0.46584	0.32298	0.25466	483
0.37172	0.51685	0.35674	0.24157	1068
0.40238	0.50714	0.41964	0.28036	1680
0.37297	0.50811	0.35856	0.25225	1665
0.34164	0.44598	0.34626	0.23269	1083
0.31250	0.42308	0.32212	0.19231	624
0.35936	0.51385	0.30730	0.25693	1191
0.36774	0.54194	0.35484	0.20645	465
0.32488	0.42254	0.29014	0.26197	1065
0.33406	0.40044	0.31510	0.28665	1371
0.30994	0.42105	0.24561	0.26316	171
0.32203	0.41243	0.29944	0.25424	531
0.37107	0.50236	0.34434	0.26651	1272
0.33957	0.41979	0.29947	0.29947	1122
0.26302	0.28906	0.28125	0.21875	768
0.35311	0.43220	0.27119	0.35593	354
0.33846	0.46923	0.30769	0.23846	390
0.32381	0.38571	0.31429	0.27143	210
0.34848	0.47273	0.26364	0.30909	330
0.32558	0.37209	0.23256	0.37209	129
0.28485	0.43636	0.21818	0.20000	165
0.23684	0.28947	0.25439	0.16667	342
0.25672	0.27823	0.22984	0.26210	744
0.30352	0.47967	0.17886	0.25203	369
0.39204	0.47761	0.34030	0.35821	1005
0.32616	0.47312	0.22581	0.27957	279
0.38582	0.51915	0.34468	0.29362	705
0.34109	0.43023	0.25581	0.33721	258
0.27137	0.39744	0.21795	0.19872	468
0.39788	0.50289	0.28902	0.40173	1038
0.32240	0.37705	0.19672	0.39344	183
0.32222	0.46667	0.21111	0.28889	270
0.38194	0.53125	0.28125	0.33333	288
0.33939	0.40000	0.22727	0.39091	330
0.31473	0.41395	0.24651	0.28372	645
0.36943	0.43312	0.35456	0.32059	1413
0.41192	0.56098	0.38211	0.29268	369
0.42386	0.54315	0.40863	0.31980	1182
0.38352	0.49918	0.41571	0.23568	1833
0.37860	0.49383	0.44444	0.19753	243
0.36946	0.45455	0.40559	0.24825	858
0.31183	0.38710	0.29032	0.25806	279
0.34192	0.34536	0.34536	0.33505	582
0.34842	0.42760	0.32127	0.29638	1326
0.33833	0.42697	0.32584	0.26217	801
0.32855	0.46890	0.27273	0.24402	627
0.43137	0.55126	0.38655	0.35630	1785
0.35767	0.49206	0.34603	0.23492	945
0.30928	0.45361	0.26289	0.21134	582
0.32965	0.48619	0.31492	0.18785	543
0.36681	0.47699	0.30126	0.32218	717
0.38342	0.47668	0.29793	0.37565	1158
0.32892	0.39735	0.31126	0.27815	906
0.33333	0.44628	0.28099	0.27273	726
0.34685	0.39189	0.33784	0.31081	222
0.41429	0.46429	0.40714	0.37143	420
0.29412	0.40441	0.25735	0.22059	408
0.28589	0.40876	0.24088	0.20803	822
0.35385	0.43077	0.20000	0.43077	195
0.31921	0.42373	0.28814	0.24576	354
0.35739	0.45876	0.29381	0.31959	582
0.40064	0.64423	0.20192	0.35577	312
0.36300	0.41284	0.41009	0.26606	3270
0.32041	0.41085	0.26357	0.28682	387
0.37765	0.50867	0.29480	0.32948	519
0.38387	0.49563	0.27697	0.37901	1029
0.37853	0.37288	0.30508	0.45763	177
0.33010	0.37864	0.27184	0.33981	309
0.29446	0.36749	0.28975	0.22615	849
0.28729	0.37293	0.27624	0.21271	1086
0.35417	0.38942	0.28365	0.38942	624
0.36315	0.45081	0.30769	0.33095	1677
0.35743	0.49398	0.32530	0.25301	249
0.32941	0.45882	0.24706	0.28235	255
0.29787	0.40426	0.26950	0.21986	846
0.44608	0.55882	0.36765	0.41176	204
0.31905	0.38571	0.34286	0.22857	210
0.35294	0.49510	0.25000	0.31373	612
0.34924	0.45119	0.35575	0.24078	1383
0.28095	0.42143	0.22857	0.19286	420
0.37179	0.46154	0.32692	0.32692	156
0.28655	0.36842	0.26316	0.22807	171
0.34160	0.43802	0.26446	0.32231	363
0.32096	0.40099	0.31931	0.24257	1212
0.33784	0.50000	0.21622	0.29730	222
0.33542	0.42006	0.34483	0.24138	957
0.35817	0.45673	0.31490	0.30288	1248
0.36801	0.43100	0.35456	0.31847	1413
0.31878	0.42412	0.26819	0.26403	1443
0.28150	0.36585	0.26220	0.21646	984
0.33641	0.37846	0.31077	0.32000	975
0.34216	0.44812	0.32892	0.24945	1359
0.28872	0.41264	0.26022	0.19331	807
0.38676	0.53349	0.36124	0.26555	1254
0.35054	0.44837	0.38859	0.21467	1104
0.35714	0.58929	0.21429	0.26786	168
0.29274	0.40385	0.26282	0.21154	468
0.30100	0.36567	0.28358	0.25373	402
0.36527	0.47420	0.30713	0.31450	1221
0.27855	0.38462	0.23776	0.21329	858
0.29429	0.39339	0.24625	0.24324	999
0.36825	0.46667	0.33571	0.30238	1260
0.36239	0.48205	0.33333	0.27179	585
0.35789	0.57895	0.27368	0.22105	285
0.34940	0.44578	0.27309	0.32932	747
0.39387	0.49786	0.36325	0.32051	1404
0.34952	0.44857	0.31429	0.28571	1050
0.36911	0.50488	0.30244	0.30000	1230
0.38164	0.52899	0.30435	0.31159	414
0.29497	0.36905	0.27381	0.24206	756
0.29932	0.41667	0.27381	0.20748	1764
0.32566	0.45395	0.27632	0.24671	912
0.33193	0.42437	0.27731	0.29412	714
0.27983	0.38726	0.25350	0.19873	2355
0.28105	0.31373	0.31373	0.21569	153
0.39066	0.52334	0.36118	0.28747	1221
0.39066	0.52334	0.36118	0.28747	1221
0.39558	0.52334	0.36364	0.29975	1221
0.36626	0.46091	0.32099	0.31687	729
0.32129	0.45783	0.27108	0.23494	498
0.29305	0.38066	0.27190	0.22659	993
0.28788	0.39773	0.23864	0.22727	264
0.40758	0.58255	0.37695	0.26324	1926
0.34231	0.44231	0.33462	0.25000	780
0.37084	0.43737	0.35244	0.32272	1413
0.34921	0.40816	0.31973	0.31973	441
0.36436	0.51551	0.28878	0.28878	1257
0.38826	0.51989	0.41193	0.23295	1056
0.35707	0.48867	0.35275	0.22977	927
0.35772	0.48959	0.36804	0.21553	5331
0.37211	0.48199	0.35734	0.27701	1083
0.36967	0.50940	0.32519	0.27444	1596
0.32845	0.45421	0.29670	0.23443	819
0.37016	0.52996	0.33333	0.24719	1602
0.30747	0.38506	0.34483	0.19253	1044
0.36101	0.45848	0.33213	0.29242	831
0.36013	0.49196	0.32154	0.26688	933
0.36623	0.51974	0.26316	0.31579	456
0.40618	0.52980	0.42163	0.26711	1359
0.34364	0.41237	0.32990	0.28866	291
0.37215	0.45205	0.36986	0.29452	438
0.29813	0.39274	0.28053	0.22112	909
0.38264	0.48817	0.37278	0.28698	1014
0.33047	0.45591	0.31398	0.22151	1395
0.33212	0.40364	0.31636	0.27636	825
0.36559	0.50538	0.29032	0.30108	279
0.38428	0.50873	0.34279	0.30131	1374
0.39327	0.52366	0.39117	0.26498	951
0.37367	0.44161	0.35669	0.32272	1413
0.36842	0.52193	0.28947	0.29386	684
0.32413	0.45011	0.27813	0.24416	1413
0.37885	0.50441	0.37665	0.25551	1362
0.32072	0.46486	0.29189	0.20541	555
0.31165	0.30894	0.36585	0.26016	369
0.33419	0.46141	0.27873	0.26244	3498
0.29801	0.50000	0.21192	0.18212	906
0.34058	0.47826	0.35870	0.18478	552
0.35673	0.49825	0.31930	0.25263	855
0.30747	0.38506	0.34483	0.19253	1044
0.36667	0.45556	0.35556	0.28889	270
0.32220	0.49312	0.24754	0.22593	1527
0.31954	0.45862	0.27586	0.22414	870
0.34513	0.50442	0.26991	0.26106	678
0.30316	0.43210	0.28807	0.18930	729
0.30516	0.38028	0.28169	0.25352	213
0.36386	0.47477	0.34953	0.26729	1605
0.31171	0.37297	0.31622	0.24595	1110
0.33073	0.44531	0.32292	0.22396	1152
0.33019	0.46226	0.27830	0.25000	636
0.40506	0.49367	0.45148	0.27004	711
0.31910	0.42472	0.30112	0.23146	1335
0.38889	0.45455	0.36364	0.34848	198
0.35185	0.46944	0.34444	0.24167	1080
0.32388	0.40426	0.30496	0.26241	423
0.37419	0.50799	0.29840	0.31616	1689
0.29310	0.36897	0.26724	0.24310	1740
0.35659	0.48837	0.27907	0.30233	645
0.32165	0.40000	0.30103	0.26392	1455
0.34615	0.44872	0.31090	0.27885	936
0.30735	0.37634	0.31183	0.23387	1116
0.30000	0.33421	0.30789	0.25789	1140
0.33458	0.39552	0.28731	0.32090	804
0.30975	0.37028	0.32075	0.23821	1272
0.39027	0.53106	0.36646	0.27329	966
0.38415	0.51524	0.35976	0.27744	984
0.36439	0.43168	0.36646	0.29503	966
0.36259	0.49914	0.32874	0.25990	1743
0.37926	0.49778	0.39556	0.24444	675
0.37919	0.46825	0.33862	0.33069	1134
0.31620	0.42290	0.27336	0.25234	1284
0.37342	0.49255	0.35968	0.26804	2619
0.36306	0.46497	0.32484	0.29936	471
0.23899	0.30189	0.20755	0.20755	159
0.32207	0.43243	0.26351	0.27027	444
0.35130	0.45418	0.32480	0.27493	2226
0.36624	0.46019	0.34076	0.29777	1884
0.36463	0.46948	0.36620	0.25822	639
0.30726	0.35754	0.34078	0.22346	537
0.36533	0.48214	0.33929	0.27455	2688
0.35644	0.45754	0.29289	0.31889	1731
0.45896	0.56103	0.41328	0.40257	1401
0.40842	0.53925	0.33788	0.34812	879
0.43597	0.59887	0.40395	0.30508	1062
0.30747	0.38506	0.34483	0.19253	1044
0.40182	0.55446	0.38366	0.26733	1212
0.47569	0.53993	0.37674	0.51042	1728
0.49194	0.55216	0.37913	0.54453	1179
0.35072	0.46377	0.31884	0.26957	1035
0.37101	0.47420	0.36118	0.27764	1221
0.38889	0.49333	0.32333	0.35000	900
0.37722	0.50886	0.35190	0.27089	1185
0.35629	0.46281	0.33333	0.27273	1089
0.36222	0.47158	0.34390	0.27120	3219
0.39578	0.53285	0.32360	0.33090	1233
0.36350	0.45249	0.31448	0.32353	1326
0.44880	0.51852	0.37037	0.45752	2754
0.38492	0.48413	0.34921	0.32143	756
0.35632	0.50575	0.23563	0.32759	522
0.32283	0.47244	0.23622	0.25984	381
0.33514	0.39459	0.34595	0.26486	555
0.31599	0.44220	0.32370	0.18208	1038
0.29630	0.30556	0.33333	0.25000	108
0.33527	0.38081	0.36919	0.25581	1032
0.38129	0.53957	0.33813	0.26619	417
0.38889	0.50794	0.36508	0.29365	378
0.36716	0.51163	0.35095	0.23890	1419
0.36186	0.50122	0.33252	0.25183	1227
0.34786	0.39225	0.37530	0.27603	1239
0.27370	0.38303	0.22936	0.20872	1308
0.34677	0.48185	0.26815	0.29032	1488
0.34058	0.50000	0.34783	0.17391	276
0.32520	0.45122	0.21951	0.30488	246
0.36799	0.45872	0.37309	0.27217	981
0.33670	0.42424	0.34343	0.24242	297
0.28788	0.38182	0.27273	0.20909	660
0.29890	0.40845	0.23474	0.25352	639
0.31790	0.45556	0.29074	0.20741	1620
0.24948	0.30189	0.25157	0.19497	477
0.28125	0.37500	0.20833	0.26042	288
0.34515	0.41135	0.30496	0.31915	423
0.34547	0.46358	0.30464	0.26821	906
0.29584	0.41809	0.28606	0.18337	1227
0.36512	0.48605	0.39070	0.21860	1290
0.30274	0.38291	0.29114	0.23418	948
0.32854	0.37050	0.36331	0.25180	834
0.32788	0.44517	0.29624	0.24223	1833
0.31777	0.42033	0.29121	0.24176	1092
0.31969	0.42883	0.28470	0.24555	1686
0.32609	0.36957	0.30435	0.30435	276
0.30870	0.40640	0.29310	0.22660	1218
0.31579	0.40000	0.31579	0.23158	285
0.27604	0.34375	0.21875	0.26562	192
0.33190	0.46983	0.26724	0.25862	696
0.31385	0.39177	0.30087	0.24892	1386
0.34538	0.40964	0.37349	0.25301	249
0.32787	0.47541	0.24590	0.26230	366
0.36095	0.47857	0.33286	0.27143	2100
0.36848	0.50160	0.36102	0.24281	939
0.35325	0.49870	0.35584	0.20519	1155
0.33775	0.48011	0.31300	0.22016	1131
0.36967	0.47619	0.36591	0.26692	2394
0.32075	0.41038	0.23585	0.31604	636
0.32630	0.42194	0.29114	0.26582	711
0.30383	0.43363	0.22124	0.25664	339
0.38013	0.50473	0.36909	0.26656	1902
0.39226	0.51515	0.36616	0.29545	1188
0.39637	0.52149	0.37822	0.28940	1047
0.38258	0.47997	0.36060	0.30718	3594
0.30864	0.42593	0.27778	0.22222	162
0.33088	0.41912	0.27941	0.29412	408
0.36818	0.39721	0.34495	0.36237	861
0.35105	0.48505	0.30565	0.26246	903
0.32300	0.42636	0.29716	0.24548	1161
0.33439	0.38535	0.38217	0.23567	942
0.31543	0.36317	0.29668	0.28645	2346
0.29993	0.42484	0.23965	0.23529	1377
0.32601	0.43956	0.29670	0.24176	546
0.38889	0.51471	0.35784	0.29412	1836
0.29718	0.40130	0.25163	0.23861	1383
0.38909	0.53597	0.37050	0.26079	1668
0.34699	0.49180	0.27869	0.27049	366
0.29167	0.31250	0.31250	0.25000	96
0.40168	0.51644	0.38685	0.30174	1551
0.37984	0.50000	0.29070	0.34884	258
0.38596	0.53383	0.34586	0.27820	399
0.37121	0.43182	0.38636	0.29545	528
0.36068	0.43359	0.36328	0.28516	768
0.31982	0.37838	0.30270	0.27838	1110
0.33984	0.45117	0.33203	0.23633	1536
0.35105	0.45570	0.31392	0.28354	1185
0.25778	0.37333	0.17333	0.22667	225
0.33333	0.42857	0.26857	0.30286	525
0.32563	0.45545	0.30033	0.22112	909
0.37925	0.50964	0.36639	0.26171	1089
0.34810	0.51266	0.28481	0.24684	474
0.35200	0.47200	0.30400	0.28000	1500
0.38272	0.51323	0.33333	0.30159	567
0.36162	0.51661	0.32472	0.24354	813
0.32535	0.44311	0.25749	0.27545	501
0.33604	0.44715	0.24390	0.31707	369
0.36219	0.48918	0.29870	0.29870	693
0.33834	0.42943	0.31231	0.27327	1998
0.38341	0.51174	0.39437	0.24413	639
0.33772	0.48684	0.25000	0.27632	228
0.37115	0.50630	0.35714	0.25000	1428
0.29012	0.40741	0.25309	0.20988	486
0.38219	0.50843	0.36706	0.27108	2313
0.32252	0.40000	0.31712	0.25045	1665
0.30117	0.44717	0.25421	0.20214	1959
0.34000	0.48000	0.28667	0.25333	450
0.33974	0.53846	0.30769	0.17308	312
0.35714	0.48606	0.31185	0.27352	1722
0.36176	0.48529	0.33088	0.26912	2040
0.33993	0.50495	0.34158	0.17327	1212
0.27604	0.37500	0.23438	0.21875	192
0.31992	0.39655	0.28736	0.27586	522
0.33721	0.40698	0.34884	0.25581	516
0.33529	0.45000	0.32353	0.23235	1020
0.36801	0.52020	0.34027	0.24357	2451
0.36638	0.46121	0.35991	0.27802	1392
0.35101	0.44697	0.28030	0.32576	396
0.33967	0.46196	0.28533	0.27174	1104
0.33187	0.47368	0.28509	0.23684	684
0.32771	0.42651	0.31807	0.23855	1245
0.33538	0.47239	0.28834	0.24540	489
0.36194	0.49912	0.31524	0.27145	1713
0.32500	0.43750	0.27500	0.26250	240
0.33745	0.44444	0.30453	0.26337	1458
0.36637	0.52252	0.34234	0.23423	666
0.32905	0.43041	0.29550	0.26124	1401
0.35431	0.48252	0.30070	0.27972	429
0.34140	0.47177	0.33065	0.22177	744
0.33925	0.47337	0.23077	0.31361	507
0.37209	0.48837	0.29302	0.33488	645
0.46135	0.54613	0.38155	0.45636	1203
0.32000	0.22000	0.32000	0.42000	150
0.29293	0.34848	0.27273	0.25758	198
0.36381	0.50286	0.29714	0.29143	525
0.40662	0.51773	0.43972	0.26241	423
0.36219	0.50649	0.35065	0.22944	693
0.38764	0.50562	0.33708	0.32022	534
0.38360	0.62698	0.34127	0.18254	378
0.36750	0.52139	0.33575	0.24536	3717
0.37356	0.50380	0.36456	0.25232	3555
0.38431	0.54118	0.31765	0.29412	255
0.41333	0.50400	0.46400	0.27200	375
0.37155	0.50955	0.38854	0.21656	471
0.37778	0.53043	0.36232	0.24058	2070
0.46467	0.54613	0.38155	0.46633	1203
0.34628	0.45631	0.35922	0.22330	309
0.36651	0.49763	0.37915	0.22275	633
0.37198	0.50242	0.34300	0.27053	621
0.33673	0.41837	0.29592	0.29592	294
0.39130	0.50362	0.44565	0.22464	828
0.35816	0.46809	0.36170	0.24468	282
0.41369	0.48214	0.41071	0.34821	336
0.37988	0.50901	0.37387	0.25676	666
0.41379	0.51724	0.43448	0.28966	435
0.35238	0.41429	0.32857	0.31429	210
0.33333	0.42353	0.31765	0.25882	255
0.37127	0.51220	0.39837	0.20325	369
0.37963	0.50000	0.33333	0.30556	324
0.35370	0.48889	0.32222	0.25000	540
0.36559	0.35484	0.41935	0.32258	186
0.35338	0.44361	0.40602	0.21053	399
0.35912	0.53591	0.34807	0.19337	543
0.35501	0.49593	0.37398	0.19512	369
0.38690	0.54762	0.42262	0.19048	504
0.38739	0.53378	0.43919	0.18919	444
0.34765	0.42243	0.36516	0.25537	1257
0.35474	0.49083	0.33028	0.24312	654
0.36011	0.46988	0.37349	0.23695	747
0.35955	0.52809	0.23596	0.31461	267
0.37900	0.53425	0.35616	0.24658	219
0.28947	0.39474	0.31579	0.15789	114
0.37127	0.43089	0.42276	0.26016	369
0.41476	0.50382	0.52672	0.21374	393
0.36071	0.47343	0.35266	0.25604	621
0.36287	0.51266	0.31329	0.26266	948
0.39528	0.46903	0.41593	0.30088	339
0.36211	0.55036	0.29856	0.23741	834
0.33449	0.47038	0.31010	0.22300	861
0.34449	0.38290	0.37546	0.27509	807
0.33333	0.42449	0.32653	0.24898	735
0.34491	0.45139	0.29861	0.28472	432
0.35115	0.45038	0.41985	0.18321	393
0.28904	0.38695	0.24942	0.23077	1287
0.34127	0.44048	0.39286	0.19048	252
0.30598	0.38906	0.27356	0.25532	987
0.31698	0.35094	0.30566	0.29434	795
0.31660	0.36680	0.32046	0.26255	777
0.30000	0.34500	0.29500	0.26000	1200
0.28963	0.37500	0.25610	0.23780	984
0.29872	0.39615	0.27692	0.22308	780
0.23469	0.35714	0.19388	0.15306	294
0.33833	0.42697	0.32584	0.26217	801
0.34842	0.42760	0.32127	0.29638	1326
0.34192	0.35567	0.34536	0.32474	582
0.34420	0.38043	0.32609	0.32609	276
0.31111	0.35556	0.42222	0.15556	135
0.35960	0.51515	0.27273	0.29091	495
0.35467	0.47200	0.28000	0.31200	375
0.36647	0.43860	0.26316	0.39766	513
0.43937	0.49909	0.41865	0.40037	1641
0.47912	0.54286	0.44176	0.45275	1365
0.29741	0.31737	0.28144	0.29341	501
0.30435	0.40217	0.27174	0.23913	276
0.40566	0.49057	0.33019	0.39623	318
0.41270	0.46429	0.34524	0.42857	252
0.34848	0.42149	0.33884	0.28512	726
0.33333	0.36885	0.34426	0.28689	366
0.35438	0.38697	0.34012	0.33605	1473
0.36131	0.41964	0.34643	0.31786	1680
0.36953	0.45249	0.32127	0.33484	663
0.34911	0.46154	0.30178	0.28402	1521
0.28889	0.41905	0.24762	0.20000	315
0.30601	0.39344	0.27869	0.24590	183
0.36232	0.44565	0.35870	0.28261	276
0.37705	0.52787	0.36393	0.23934	915
0.36280	0.48780	0.39024	0.21037	984
0.31278	0.43612	0.28634	0.21586	681
0.32070	0.43128	0.27962	0.25118	633
0.33333	0.40919	0.32150	0.26931	1437
0.33651	0.46032	0.30159	0.24762	945
0.37198	0.46377	0.28986	0.36232	414
0.30051	0.44697	0.24242	0.21212	396
0.36825	0.46667	0.33571	0.30238	1260
0.37170	0.46043	0.33813	0.31655	834
0.33081	0.47355	0.30227	0.21662	1191
0.36601	0.49580	0.34174	0.26050	1071
0.38127	0.51171	0.37124	0.26087	897
0.38015	0.48876	0.36517	0.28652	1068
0.35955	0.50562	0.33989	0.23315	1068
0.34667	0.48889	0.29333	0.25778	675
0.31455	0.39437	0.33803	0.21127	213
0.38577	0.51685	0.37921	0.26124	1068
0.38533	0.52400	0.39600	0.23600	750
0.35484	0.45161	0.35484	0.25806	558
0.36476	0.51515	0.34680	0.23232	891
0.32167	0.41000	0.30000	0.25500	600
0.37351	0.50223	0.35938	0.25893	1344
0.36782	0.51888	0.32677	0.25780	1827
0.33573	0.33813	0.39568	0.27338	417
0.36410	0.44615	0.36154	0.28462	390
0.33009	0.40260	0.28896	0.29870	924
0.34440	0.46863	0.30258	0.26199	813
0.34358	0.43735	0.33570	0.25768	1269
0.32698	0.37619	0.39524	0.20952	630
0.26042	0.39583	0.25000	0.13542	288
0.37895	0.48540	0.33942	0.31204	1644
0.30326	0.38346	0.27820	0.24812	399
0.32258	0.32258	0.27419	0.37097	186
0.33607	0.42623	0.24590	0.33607	366
0.34532	0.41007	0.36691	0.25899	417
0.35877	0.50098	0.35225	0.22309	1533
0.28586	0.38872	0.23442	0.23442	1011
0.32391	0.44987	0.30591	0.21594	1167
0.36957	0.46739	0.30435	0.33696	276
0.34473	0.47009	0.29060	0.27350	351
0.35225	0.44681	0.37943	0.23050	846
0.39538	0.53285	0.35766	0.29562	822
0.41151	0.54072	0.38436	0.30945	921
0.37597	0.45930	0.40698	0.26163	516
0.34137	0.45542	0.31325	0.25542	1245
0.32381	0.38901	0.32747	0.25495	1365
0.33596	0.47105	0.32368	0.21316	1140
0.44025	0.56604	0.41509	0.33962	159
0.38953	0.53811	0.36490	0.26559	1299
0.30747	0.38506	0.34483	0.19253	1044
0.33101	0.48028	0.28538	0.22738	1293
0.38941	0.50701	0.39953	0.26168	1284
0.34968	0.43052	0.33243	0.28610	1101
0.34213	0.44327	0.30343	0.27968	1137
0.34852	0.46204	0.31236	0.27115	1383
0.34153	0.43490	0.31544	0.27424	8664
0.33538	0.48466	0.31288	0.20859	978
0.32345	0.37712	0.32627	0.26695	708
0.34269	0.41037	0.34989	0.26782	1389
0.28793	0.40532	0.24585	0.21262	903
0.30414	0.41606	0.26277	0.23358	411
0.34195	0.40517	0.29310	0.32759	348
0.34014	0.49660	0.23810	0.28571	441
0.32808	0.44882	0.27559	0.25984	1143
0.33956	0.46262	0.28505	0.27103	642
0.36994	0.50000	0.32009	0.28972	1284
0.32197	0.43466	0.27841	0.25284	1056
0.37094	0.49231	0.33333	0.28718	585
0.34314	0.49020	0.27451	0.26471	612
0.32627	0.45763	0.30508	0.21610	708
0.38451	0.53937	0.35827	0.25591	762
0.33788	0.43636	0.25909	0.31818	660
0.37226	0.44374	0.35669	0.31635	1413
0.38406	0.52174	0.36957	0.26087	1242
0.33439	0.48726	0.30255	0.21338	942
0.34113	0.44255	0.34894	0.23191	1410
0.28729	0.36188	0.28453	0.21547	1086
0.31284	0.37864	0.32686	0.23301	927
0.32218	0.43629	0.29086	0.23938	2331
0.25448	0.32258	0.21505	0.22581	279
0.28342	0.36898	0.26203	0.21925	561
0.34708	0.45704	0.33677	0.24742	873
0.22436	0.26923	0.21154	0.19231	156
0.36140	0.49474	0.31053	0.27895	570
0.40437	0.51230	0.43443	0.26639	732
0.39090	0.49398	0.39357	0.28514	1494
0.35388	0.49105	0.36183	0.20875	1509
0.37222	0.52143	0.34762	0.24762	1260
0.37432	0.47541	0.36066	0.28689	366
0.33272	0.44587	0.31193	0.24037	1635
0.39039	0.54955	0.35135	0.27027	999
0.36150	0.47418	0.38028	0.23005	639
0.39186	0.60305	0.35115	0.22137	393
0.28417	0.40357	0.24311	0.20583	1851
0.29468	0.38593	0.25475	0.24335	1578
0.28181	0.40694	0.18297	0.25552	951
0.27856	0.39078	0.20441	0.24048	1497
0.27660	0.37447	0.20851	0.24681	705
0.33268	0.42857	0.31898	0.25049	1533
0.39126	0.50610	0.39024	0.27744	984
0.32821	0.46325	0.28547	0.23590	1755
0.30572	0.36686	0.27811	0.27219	507
0.28571	0.39496	0.27731	0.18487	357
0.26716	0.37500	0.20588	0.22059	408
0.32159	0.47137	0.25551	0.23789	681
0.37789	0.56436	0.30693	0.26238	606
0.34380	0.48430	0.33184	0.21525	1338
0.31360	0.36184	0.30263	0.27632	456
0.36622	0.50400	0.32267	0.27200	1125
0.26686	0.35043	0.21652	0.23362	1053
0.34934	0.46725	0.34934	0.23144	687
0.28747	0.38926	0.25503	0.21812	894
0.36667	0.49474	0.32895	0.27632	1140
0.34419	0.47118	0.33835	0.22306	1197
0.34297	0.42651	0.33735	0.26506	1245
0.31267	0.40083	0.29752	0.23967	726
0.36354	0.48943	0.32477	0.27644	1986
0.36889	0.47629	0.35668	0.27371	2784
0.31605	0.35556	0.30370	0.28889	405
0.34859	0.41928	0.31807	0.30843	1245
0.36076	0.47257	0.37342	0.23629	1422
0.35606	0.47403	0.28896	0.30519	1848
0.33639	0.42202	0.30581	0.28135	981
0.35076	0.48039	0.28758	0.28431	918
0.35095	0.48780	0.30894	0.25610	738
0.38339	0.53035	0.37700	0.24281	939
0.34888	0.48276	0.31846	0.24544	1479
0.28833	0.37000	0.28000	0.21500	600
0.36532	0.52665	0.31983	0.24947	1407
0.33612	0.41754	0.31106	0.27975	1437
0.25000	0.34211	0.19737	0.21053	228
0.32743	0.46018	0.23894	0.28319	339
0.27465	0.40141	0.26056	0.16197	426
0.31507	0.36986	0.31507	0.26027	219
0.35017	0.45455	0.32828	0.26768	594
0.32777	0.40919	0.31942	0.25470	1437
0.35851	0.46224	0.34139	0.27190	993
0.39027	0.50964	0.38843	0.27273	1089
0.35714	0.44857	0.33714	0.28571	1050
0.32400	0.46000	0.26400	0.24800	750
0.36030	0.47249	0.30744	0.30097	927
0.31053	0.38762	0.29316	0.25081	921
0.36825	0.46667	0.33571	0.30238	1260
0.36728	0.52160	0.32716	0.25309	972
0.33995	0.44444	0.30556	0.26984	756
0.36082	0.49485	0.33505	0.25258	582
0.34684	0.43497	0.31130	0.29424	1407
0.35119	0.46429	0.26786	0.32143	168
0.34714	0.44576	0.35700	0.23866	1521
0.31111	0.40833	0.27500	0.25000	360
0.35108	0.44867	0.31179	0.29278	1578
0.34794	0.47165	0.31443	0.25773	1164
0.39899	0.53333	0.36970	0.29394	990
0.35432	0.45340	0.34509	0.26448	1191
0.35651	0.47351	0.33113	0.26490	906
0.33026	0.44931	0.36175	0.17972	1302
0.32648	0.39726	0.36644	0.21575	876
0.31119	0.34686	0.33948	0.24723	813
0.34064	0.44932	0.33288	0.23973	2190
0.33289	0.46237	0.31048	0.22581	2232
0.29032	0.40512	0.27609	0.18975	3162
0.37700	0.53930	0.38428	0.20742	1374
0.32669	0.38538	0.36545	0.22924	903
0.30961	0.35231	0.34164	0.23488	843
0.27648	0.41472	0.26087	0.15385	897
0.35333	0.50000	0.33667	0.22333	900
0.39362	0.47234	0.41064	0.29787	1410
0.29205	0.37844	0.28211	0.21560	1308
0.35627	0.50459	0.34404	0.22018	654
0.31269	0.42202	0.24771	0.26835	1308
0.36132	0.48507	0.36940	0.22948	1608
0.28767	0.38356	0.21918	0.26027	657
0.36727	0.46154	0.36425	0.27602	1326
0.32429	0.36271	0.33559	0.27458	885
0.31159	0.35507	0.28986	0.28986	828
0.31775	0.40854	0.29472	0.25000	1476
0.33333	0.47678	0.36223	0.16099	969
0.33128	0.43077	0.30462	0.25846	975
0.35562	0.47911	0.31755	0.27019	1077
0.29915	0.34615	0.24359	0.30769	234
0.34507	0.52113	0.28169	0.23239	426
0.32222	0.44762	0.29524	0.22381	630
0.38889	0.47500	0.46667	0.22500	360
0.37190	0.53719	0.35537	0.22314	363
0.36749	0.45583	0.33569	0.31095	849
0.36758	0.48288	0.33904	0.28082	876
0.37391	0.49565	0.36522	0.26087	345
0.34168	0.41336	0.31942	0.29228	1437
0.29915	0.42857	0.24542	0.22344	819
0.33238	0.46552	0.31897	0.21264	1044
0.35198	0.48322	0.36018	0.21253	1341
0.33333	0.48021	0.30079	0.21900	1137
0.37089	0.43099	0.43099	0.25070	1065
0.32404	0.45020	0.27888	0.24303	753
0.37170	0.53957	0.35971	0.21583	417
0.37121	0.45455	0.37500	0.28409	528
0.32000	0.44000	0.29778	0.22222	675
0.34584	0.44012	0.31890	0.27850	2079
0.29840	0.40611	0.27511	0.21397	687
0.41176	0.52941	0.39496	0.31092	357
0.33601	0.43775	0.28514	0.28514	747
0.30747	0.38506	0.34483	0.19253	1044
0.34557	0.43349	0.30275	0.30046	1308
0.27273	0.36364	0.21212	0.24242	99
0.30351	0.37895	0.30000	0.23158	570
0.32639	0.41319	0.33333	0.23264	864
0.37778	0.31667	0.38333	0.43333	180
0.35210	0.47351	0.31457	0.26821	906
0.34677	0.46774	0.29839	0.27419	744
0.33567	0.43158	0.29123	0.28421	855
0.35590	0.48923	0.32615	0.25231	975
0.35041	0.42694	0.32448	0.29981	1581
0.37829	0.53488	0.37442	0.22558	1290
0.31938	0.36977	0.34884	0.23953	1290
0.34007	0.39394	0.34680	0.27946	891
0.40150	0.49736	0.39050	0.31662	2274
0.31717	0.40909	0.26970	0.27273	990
0.33890	0.44290	0.30641	0.26741	1077
0.32834	0.46067	0.30337	0.22097	801
0.34203	0.42087	0.29739	0.30783	1725
0.29060	0.32051	0.26923	0.28205	234
0.30930	0.38558	0.30408	0.23824	957
0.37453	0.49438	0.32584	0.30337	267
0.35856	0.44037	0.34174	0.29358	1308
0.35079	0.46946	0.29058	0.29232	3438
0.33838	0.46970	0.27273	0.27273	198
0.37785	0.48447	0.37578	0.27329	966
0.36473	0.48801	0.38870	0.21747	1752
0.33813	0.43165	0.30935	0.27338	417
0.36515	0.49458	0.31453	0.28633	1383
0.28205	0.30769	0.33846	0.20000	195
0.26923	0.37179	0.16667	0.26923	234
0.32816	0.41685	0.35477	0.21286	1353
0.34741	0.46257	0.34549	0.23417	1563
0.31523	0.36741	0.31310	0.26518	939
0.36282	0.48077	0.30385	0.30385	780
0.32518	0.45966	0.29829	0.21760	1227
0.35542	0.43373	0.36145	0.27108	498
0.34071	0.45796	0.31858	0.24558	1356
0.36962	0.47601	0.33579	0.29705	1626
0.29798	0.33333	0.33333	0.22727	198
0.35746	0.47697	0.32237	0.27303	912
0.35809	0.49876	0.32426	0.25124	2424
0.33333	0.49701	0.29940	0.20359	501
0.37347	0.52880	0.34555	0.24607	573
0.35271	0.45349	0.25581	0.34884	258
0.39080	0.55172	0.31034	0.31034	174
0.32890	0.48115	0.26386	0.24169	1353
0.32911	0.43038	0.25316	0.30380	237
0.33001	0.45387	0.25935	0.27681	1203
0.36667	0.46842	0.33684	0.29474	570
0.32323	0.30303	0.42424	0.24242	99
0.30972	0.40599	0.32425	0.19891	1101
0.37110	0.44335	0.36453	0.30542	609
0.34426	0.45902	0.34426	0.22951	366
0.35811	0.48198	0.32658	0.26577	1332
0.27500	0.30000	0.20000	0.32500	120
0.30303	0.39394	0.25758	0.25758	198
0.34033	0.45455	0.32168	0.24476	858
0.32553	0.43478	0.29431	0.24749	897
0.33394	0.44708	0.30474	0.25000	1644
0.40476	0.47959	0.28571	0.44898	294
0.35720	0.44072	0.32662	0.30425	1341
0.31963	0.40183	0.29680	0.26027	657
0.39683	0.58730	0.33333	0.26984	189
0.32895	0.47368	0.23684	0.27632	228
0.33545	0.45616	0.29225	0.25794	2361
0.30884	0.38583	0.32546	0.21522	1143
0.34112	0.39720	0.33178	0.29439	642
0.31905	0.44082	0.30204	0.21429	1470
0.37255	0.48529	0.31618	0.31618	408
0.33091	0.42182	0.26909	0.30182	825
0.38828	0.51648	0.32967	0.31868	273
0.31429	0.44615	0.27253	0.22418	1365
0.35679	0.49560	0.30499	0.26979	1023
0.35714	0.48214	0.36310	0.22619	1008
0.36633	0.53046	0.34264	0.22589	1182
0.37873	0.51751	0.35019	0.26848	771
0.36505	0.49515	0.34369	0.25631	1545
0.38295	0.54419	0.37442	0.23023	1290
0.36667	0.43750	0.33750	0.32500	240
0.33932	0.44611	0.32934	0.24251	1002
0.31152	0.43456	0.27852	0.22148	1788
0.37803	0.52235	0.32402	0.28771	1074
0.30071	0.44255	0.23830	0.22128	705
0.34588	0.50538	0.30376	0.22849	1116
0.35755	0.43590	0.37179	0.26496	702
0.32079	0.46082	0.30721	0.19436	957
0.51697	0.54308	0.41253	0.59530	1149
0.46341	0.51220	0.30081	0.57724	369
0.32083	0.50000	0.25000	0.21250	240
0.38291	0.45385	0.38205	0.31282	1170
0.29762	0.38393	0.25893	0.25000	336
0.36129	0.49462	0.31613	0.27312	1395
0.33075	0.42248	0.32171	0.24806	774
0.33333	0.50323	0.28387	0.21290	465
0.42793	0.63514	0.36486	0.28378	222
0.35673	0.47368	0.24561	0.35088	171
0.35609	0.45783	0.35341	0.25703	747
0.39706	0.54412	0.33824	0.30882	204
0.36384	0.51525	0.33898	0.23729	885
0.30655	0.42857	0.27679	0.21429	336
0.31726	0.43087	0.26045	0.26045	933
0.31701	0.42041	0.29796	0.23265	735
0.27304	0.39590	0.20137	0.22184	879
0.29667	0.41000	0.24500	0.23500	600
0.35381	0.47402	0.31181	0.27559	1905
0.32610	0.38554	0.31807	0.27470	1245
0.37797	0.50712	0.38177	0.24501	1053
0.31818	0.31818	0.42424	0.21212	198
0.35833	0.36667	0.37500	0.33333	360
0.32418	0.42745	0.29020	0.25490	765
0.35784	0.46471	0.34118	0.26765	1020
0.36066	0.48676	0.31778	0.27743	2379
0.29067	0.47200	0.15200	0.24800	375
0.32185	0.44260	0.28699	0.23597	2352
0.33291	0.45455	0.28157	0.26263	2376
0.34483	0.44138	0.33793	0.25517	435
0.31034	0.41379	0.33190	0.18534	696
0.32562	0.46787	0.26478	0.24422	1167
0.31392	0.43204	0.21359	0.29612	618
0.37892	0.50427	0.33120	0.30128	1404
0.29369	0.33040	0.33921	0.21145	681
0.33721	0.39535	0.29070	0.32558	258
0.27778	0.33766	0.25758	0.23810	1386
0.36733	0.52106	0.34368	0.23725	1353
0.36099	0.49345	0.31004	0.27948	687
0.37927	0.48763	0.36042	0.28975	849
0.34045	0.46341	0.31098	0.24695	1968
0.39071	0.58197	0.32787	0.26230	366
0.40527	0.54711	0.37690	0.29179	987
0.40844	0.54012	0.38580	0.29938	972
0.34935	0.42342	0.35435	0.27027	999
0.33246	0.46214	0.30809	0.22715	1149
0.39103	0.57692	0.27885	0.31731	312
0.39435	0.50446	0.41071	0.26786	672
0.34082	0.41573	0.29213	0.31461	267
0.34201	0.46615	0.31510	0.24479	1152
0.33508	0.45932	0.30446	0.24147	1143
0.32997	0.40404	0.34343	0.24242	297
0.35348	0.52473	0.32418	0.21154	1092
0.35897	0.42604	0.47337	0.17751	507
0.31833	0.42180	0.26303	0.27014	1266
0.30986	0.42723	0.25352	0.24883	1278
0.36806	0.46528	0.31944	0.31944	432
0.34520	0.44337	0.33010	0.26214	927
0.30405	0.39865	0.25000	0.26351	444
0.35193	0.44628	0.32231	0.28719	1452
0.30736	0.41991	0.27273	0.22944	1386
0.32913	0.40379	0.35647	0.22713	951
0.32894	0.43736	0.33846	0.21099	1365
0.35050	0.44444	0.37669	0.23035	1107
0.30959	0.43836	0.30685	0.18356	1095
0.36603	0.47368	0.38038	0.24402	1254
0.25490	0.38235	0.18908	0.19328	714
0.35685	0.50622	0.32365	0.24066	723
0.32754	0.40870	0.34783	0.22609	345
0.34963	0.47188	0.32763	0.24939	1227
0.37058	0.53631	0.38268	0.19274	1074
0.27437	0.34296	0.24910	0.23105	831
0.28099	0.40083	0.27273	0.16942	726
0.35409	0.47471	0.28794	0.29961	771
0.28455	0.41463	0.24390	0.19512	246
0.31656	0.40252	0.30189	0.24528	477
0.32482	0.48085	0.25957	0.23404	705
0.28009	0.37637	0.26696	0.19694	1371
0.36384	0.49153	0.37627	0.22373	885
0.35889	0.41667	0.40333	0.25667	900
0.36036	0.41554	0.42230	0.24324	888
0.34933	0.46000	0.32000	0.26800	750
0.33333	0.50459	0.27523	0.22018	654
0.36596	0.45532	0.39149	0.25106	705
0.36649	0.47120	0.36387	0.26440	1146
0.34327	0.45695	0.35762	0.21523	906
0.32353	0.48529	0.26471	0.22059	204
0.23843	0.30556	0.18056	0.22917	432
0.33333	0.40645	0.36129	0.23226	465
0.31663	0.44419	0.26879	0.23690	1317
0.34242	0.46136	0.34545	0.22045	1320
0.37018	0.42714	0.40704	0.27638	597
0.36657	0.48036	0.35952	0.25982	993
0.34691	0.46481	0.30926	0.26667	1620
0.33178	0.39252	0.28972	0.31308	1284
0.35000	0.43704	0.33704	0.27593	1620
0.27679	0.36012	0.23214	0.23810	1008
0.30747	0.38506	0.34483	0.19253	1044
0.38500	0.52333	0.40667	0.22500	1800
0.30154	0.38150	0.29191	0.23121	1038
0.32432	0.50000	0.29730	0.17568	222
0.35398	0.49115	0.30088	0.26991	678
0.39250	0.50649	0.31602	0.35498	693
0.42712	0.53220	0.36610	0.38305	885
0.43920	0.54506	0.43348	0.33906	699
0.46194	0.59843	0.40551	0.38189	762
0.37149	0.50602	0.39157	0.21687	498
0.36029	0.49755	0.32843	0.25490	1224
0.34644	0.50000	0.32233	0.21698	1908
0.33753	0.42767	0.34906	0.23585	954
0.35430	0.46541	0.35849	0.23899	477
0.37556	0.52000	0.34667	0.26000	450
0.32623	0.45416	0.27505	0.24947	1407
0.38624	0.50794	0.35714	0.29365	378
0.28535	0.41919	0.23737	0.19949	1188
0.32677	0.46305	0.26108	0.25616	609
0.31159	0.44928	0.22464	0.26087	414
0.30363	0.36634	0.29703	0.24752	303
0.33333	0.45382	0.30924	0.23695	747
0.30658	0.45062	0.19136	0.27778	486
0.39431	0.52439	0.39024	0.26829	246
0.37299	0.47481	0.35155	0.29260	2799
0.35417	0.46528	0.32176	0.27546	1296
0.34568	0.47222	0.34259	0.22222	648
0.29150	0.37247	0.27126	0.23077	741
0.33960	0.46395	0.30721	0.24765	957
0.33719	0.46532	0.32948	0.21676	1038
0.33217	0.46609	0.31130	0.21913	1725
0.30171	0.36759	0.33202	0.20553	759
0.34241	0.47860	0.32685	0.22179	771
0.36454	0.47191	0.41948	0.20225	801
0.32494	0.44584	0.30982	0.21914	1191
0.31973	0.47959	0.23469	0.24490	294
0.31213	0.40458	0.32316	0.20865	1179
0.37226	0.43949	0.35456	0.32272	1413
0.34594	0.47689	0.30672	0.25420	1428
0.32313	0.46429	0.28061	0.22449	588
0.37266	0.50737	0.34808	0.26254	1017
0.32567	0.45977	0.25287	0.26437	783
0.32843	0.47549	0.25490	0.25490	612
0.39541	0.52296	0.37755	0.28571	1176
0.33840	0.44867	0.32319	0.24335	789
0.36090	0.47744	0.34962	0.25564	798
0.28388	0.39560	0.24725	0.20879	546
0.36125	0.45685	0.35025	0.27665	1182
0.33013	0.42308	0.22115	0.34615	312
0.32206	0.48309	0.26087	0.22222	621
0.32854	0.43165	0.29496	0.25899	417
0.29762	0.37637	0.29945	0.21703	1092
0.47831	0.52763	0.37790	0.52941	1683
0.46618	0.58696	0.34783	0.46377	414
0.49355	0.55484	0.35806	0.56774	930
0.47761	0.61194	0.30597	0.51493	402
0.41944	0.47500	0.32500	0.45833	360
0.48835	0.54032	0.39785	0.52688	1116
0.33646	0.43125	0.29688	0.28125	960
0.32688	0.40645	0.26452	0.30968	465
0.35910	0.48309	0.30435	0.28986	621
0.32937	0.40476	0.37302	0.21032	756
0.32520	0.47967	0.30894	0.18699	369
0.39066	0.52334	0.36118	0.28747	1221
0.22689	0.41176	0.18487	0.08403	357
0.26034	0.35766	0.24818	0.17518	411
0.27519	0.40000	0.25814	0.16744	1290
0.26712	0.38813	0.24658	0.16667	1314
0.27397	0.37182	0.27984	0.17025	1533
0.27015	0.36951	0.27885	0.16209	2184
0.29149	0.39787	0.26809	0.20851	1410
0.24615	0.37436	0.22051	0.14359	585
0.27632	0.37103	0.28276	0.17517	2175
0.27594	0.36648	0.27808	0.18324	3258
0.26625	0.33333	0.23899	0.22642	477
0.30212	0.41124	0.25651	0.23860	3684
0.34634	0.46099	0.30851	0.26950	2538
0.32626	0.43017	0.26369	0.28492	2685
0.28653	0.37441	0.23713	0.24805	1923
0.28249	0.38559	0.24576	0.21610	708
0.29103	0.40044	0.27133	0.20131	1371
0.30556	0.38506	0.34483	0.18678	1044
0.29737	0.38589	0.26556	0.24066	723
0.32743	0.42257	0.30088	0.25885	1356
0.33564	0.41768	0.28769	0.30156	1731
0.31781	0.41304	0.26087	0.27950	966
0.32648	0.36986	0.38356	0.22603	438
0.29108	0.37465	0.24225	0.25634	1065
0.29433	0.34574	0.24734	0.28989	1128
0.34956	0.45575	0.29646	0.29646	678
0.29412	0.39706	0.29412	0.19118	204
0.34000	0.36000	0.28000	0.38000	150
0.37398	0.53659	0.34146	0.24390	123
0.29501	0.37310	0.25380	0.25813	1383
0.33276	0.39792	0.27336	0.32699	1734
0.27715	0.35955	0.21910	0.25281	534
0.33333	0.45238	0.21429	0.33333	252
0.36937	0.45946	0.43243	0.21622	111
0.27106	0.37143	0.25275	0.18901	1365
0.32711	0.40858	0.28731	0.28545	1608
0.31707	0.40150	0.26642	0.28330	1599
0.35498	0.45455	0.33766	0.27273	693
0.34378	0.45768	0.36991	0.20376	957
0.33333	0.46602	0.31553	0.21845	618
0.26783	0.33624	0.25328	0.21397	687
0.33728	0.46154	0.31361	0.23669	507
0.35420	0.48270	0.31466	0.26524	1821
0.29103	0.36548	0.25381	0.25381	591
0.37155	0.43949	0.35456	0.32059	1413
0.31154	0.36320	0.31719	0.25424	1239
0.29011	0.41918	0.23623	0.21492	1689
0.34290	0.48770	0.29098	0.25000	732
0.31260	0.36318	0.35323	0.22139	1206
0.36381	0.50857	0.40000	0.18286	525
0.36173	0.41111	0.35185	0.32222	810
0.28519	0.35556	0.22222	0.27778	270
0.38308	0.41791	0.26866	0.46269	201
0.33555	0.38274	0.38717	0.23673	1356
0.28464	0.31461	0.29213	0.24719	267
0.35199	0.47583	0.31552	0.26463	1179
0.32648	0.45205	0.32192	0.20548	438
0.30097	0.38835	0.29126	0.22330	309
0.38127	0.52843	0.33445	0.28094	897
0.34362	0.44856	0.31687	0.26543	1458
0.33819	0.47087	0.30583	0.23786	618
0.25417	0.36250	0.15000	0.25000	240
0.35874	0.47085	0.34978	0.25561	669
0.39709	0.53356	0.42282	0.23490	894
0.33277	0.44556	0.27806	0.27471	1791
0.31559	0.45098	0.29692	0.19888	1071
0.35758	0.46182	0.33455	0.27636	825
0.39331	0.53687	0.36283	0.28024	1017
0.31079	0.42705	0.29181	0.21352	843
0.35299	0.44575	0.36321	0.25000	1272
0.37107	0.52830	0.32075	0.26415	159
0.40174	0.45896	0.41045	0.33582	804
0.30660	0.33690	0.33690	0.24599	561
0.31733	0.48000	0.30400	0.16800	375
0.33246	0.43979	0.31675	0.24084	1146
0.31627	0.44488	0.28740	0.21654	762
0.31963	0.36530	0.31963	0.27397	657
0.31723	0.40097	0.33333	0.21739	621
0.34259	0.46296	0.27778	0.28704	324
0.36425	0.49597	0.34073	0.25605	1488
0.31630	0.44891	0.29562	0.20438	2466
0.36096	0.48325	0.33686	0.26279	1701
0.34120	0.43775	0.36828	0.21756	2289
0.32850	0.49034	0.27778	0.21739	1242
0.32298	0.42857	0.32298	0.21739	483
0.37529	0.45455	0.34266	0.32867	429
0.31951	0.46544	0.31797	0.17512	651
0.39659	0.54015	0.33577	0.31387	411
0.30508	0.36441	0.33051	0.22034	354
0.33894	0.38655	0.36975	0.26050	357
0.36374	0.49837	0.34853	0.24430	921
0.34953	0.49798	0.31579	0.23482	741
0.30425	0.43624	0.22819	0.24832	447
0.29277	0.39683	0.25397	0.22751	567
0.37149	0.49398	0.34337	0.27711	498
0.33156	0.45213	0.29787	0.24468	564
0.37660	0.48083	0.37168	0.27729	1017
0.29577	0.32394	0.32394	0.23944	213
0.32943	0.44737	0.33918	0.20175	1026
0.35904	0.45479	0.36702	0.25532	1128
0.34333	0.45000	0.30000	0.28000	300
0.34606	0.36641	0.44275	0.22901	393
0.39855	0.34783	0.50000	0.34783	138
0.31962	0.43939	0.27273	0.24675	1386
0.33692	0.48925	0.32796	0.19355	558
0.35761	0.49757	0.37379	0.20146	1236
0.31689	0.36513	0.33882	0.24671	912
0.31235	0.41367	0.28417	0.23921	1668
0.30842	0.43382	0.25490	0.23652	2448
0.35441	0.47126	0.33908	0.25287	522
0.34815	0.46667	0.29722	0.28056	2160
0.33778	0.50000	0.28000	0.23333	450
0.34455	0.46635	0.30769	0.25962	624
0.35070	0.42432	0.33747	0.29032	1209
0.35786	0.44589	0.35065	0.27706	693
0.33249	0.48731	0.29695	0.21320	1182
0.29478	0.41497	0.21088	0.25850	441
0.46259	0.53061	0.44898	0.40816	147
0.36356	0.45823	0.34368	0.28878	1257
0.35469	0.48061	0.32378	0.25970	1779
0.33051	0.45339	0.33475	0.20339	708
0.35581	0.44944	0.30337	0.31461	267
0.32738	0.48661	0.28125	0.21429	672
0.40442	0.53026	0.39193	0.29107	1041
0.38284	0.51485	0.35644	0.27723	303
0.38351	0.48602	0.38710	0.27742	1395
0.38413	0.47619	0.36190	0.31429	315
0.37234	0.51293	0.34694	0.25714	2205
0.36384	0.49330	0.35268	0.24554	1344
0.33052	0.45915	0.30704	0.22535	1065
0.35833	0.52500	0.26250	0.28750	240
0.39778	0.50000	0.38667	0.30667	450
0.32603	0.46849	0.29863	0.21096	1095
0.25309	0.24074	0.27778	0.24074	162
0.26901	0.35380	0.25731	0.19591	1026
0.35042	0.47608	0.33371	0.24146	2634
0.31395	0.40698	0.31395	0.22093	258
0.33810	0.43571	0.31429	0.26429	420
0.41319	0.70833	0.16667	0.36458	288
0.30159	0.43537	0.21769	0.25170	441
0.37177	0.48468	0.33694	0.29369	1665
0.33030	0.43636	0.19091	0.36364	330
0.33546	0.40764	0.36306	0.23567	471
0.30587	0.41193	0.28977	0.21591	1056
0.30986	0.40845	0.25822	0.26291	639
0.35714	0.48522	0.32266	0.26355	1218
0.33396	0.43843	0.32836	0.23507	1608
0.33621	0.41810	0.29741	0.29310	696
0.29541	0.39521	0.29341	0.19760	501
0.32047	0.44561	0.29474	0.22105	855
0.36732	0.49374	0.34347	0.26476	1677
0.38000	0.47143	0.36571	0.30286	1050
0.36056	0.44307	0.31436	0.32426	1212
0.36339	0.45902	0.37705	0.25410	366
0.31621	0.36364	0.30830	0.27668	759
0.33115	0.37255	0.30719	0.31373	459
0.31795	0.37692	0.33846	0.23846	390
0.32843	0.37745	0.33333	0.27451	612
0.32879	0.43636	0.34545	0.20455	660
0.37931	0.47126	0.22989	0.43678	261
0.28229	0.36562	0.26562	0.21563	960
0.29401	0.42697	0.20787	0.24719	534
0.28175	0.39286	0.26190	0.19048	756
0.33721	0.43023	0.31977	0.26163	516
0.36405	0.42662	0.35154	0.31399	879
0.33691	0.45308	0.32440	0.23324	1119
0.37028	0.50120	0.36145	0.24819	1245
0.33781	0.46309	0.32886	0.22148	447
0.31643	0.44225	0.27324	0.23380	1065
0.37814	0.52151	0.33333	0.27957	558
0.36147	0.60390	0.18831	0.29221	462
0.31832	0.42943	0.33634	0.18919	999
0.30994	0.36842	0.30409	0.25731	513
0.31313	0.42424	0.21212	0.30303	198
0.30233	0.38760	0.27132	0.24806	387
0.32642	0.40933	0.32124	0.24870	1158
0.27513	0.37037	0.22222	0.23280	567
0.33162	0.46907	0.32474	0.20103	582
0.31136	0.42308	0.30220	0.20879	546
0.34314	0.57353	0.25000	0.20588	408
0.34515	0.44681	0.29787	0.29078	423
0.35012	0.44604	0.32014	0.28417	834
0.32172	0.42537	0.31841	0.22139	1206
0.29386	0.43421	0.17105	0.27632	228
0.34915	0.51186	0.30847	0.22712	885
0.30167	0.37500	0.34000	0.19000	600
0.35051	0.48148	0.32528	0.24477	1863
0.33082	0.44528	0.30943	0.23774	795
0.30634	0.42254	0.32042	0.17606	852
0.35307	0.46053	0.32237	0.27632	456
0.29982	0.42681	0.25750	0.21517	1701
0.30137	0.40183	0.29452	0.20776	1314
0.32312	0.44828	0.29885	0.22222	783
0.33244	0.47326	0.30481	0.21925	1122
0.29126	0.40777	0.26861	0.19741	927
0.31295	0.45415	0.28384	0.20087	687
0.29274	0.35055	0.28413	0.24354	813
0.35469	0.47911	0.34262	0.24234	1077
0.24390	0.29268	0.24390	0.19512	123
0.30370	0.42778	0.27778	0.20556	540
0.32396	0.43223	0.31458	0.22506	1173
0.26282	0.32692	0.25962	0.20192	624
0.28637	0.40893	0.28522	0.16495	873
0.34642	0.44503	0.33770	0.25654	1146
0.28274	0.38393	0.21429	0.25000	336
0.35648	0.45833	0.35417	0.25694	432
0.30229	0.43725	0.25101	0.21862	741
0.31389	0.44167	0.28333	0.21667	360
0.34899	0.44966	0.34899	0.24832	447
0.38659	0.47633	0.42012	0.26331	1014
0.33894	0.43697	0.41176	0.16807	357
0.29135	0.40360	0.26478	0.20566	1167
0.35961	0.45320	0.33498	0.29064	609
0.28049	0.40244	0.20732	0.23171	738
0.33531	0.46154	0.32544	0.21893	507
0.34361	0.47260	0.28767	0.27055	876
0.25780	0.29557	0.25123	0.22660	609
0.38479	0.46309	0.36913	0.32215	447
0.51696	0.53598	0.39702	0.61787	1209
0.52403	0.55835	0.42563	0.58810	1311
0.51616	0.58788	0.36667	0.59394	990
0.44792	0.55625	0.35625	0.43125	480
0.34030	0.43081	0.34465	0.24543	1149
0.33951	0.43827	0.33025	0.25000	972
0.36526	0.46963	0.39019	0.23598	1284
0.33896	0.43460	0.32068	0.26160	711
0.28307	0.38095	0.24603	0.22222	378
0.33213	0.47482	0.30216	0.21942	834
0.34833	0.47751	0.31834	0.24913	867
0.34192	0.49356	0.32403	0.20815	1398
0.36597	0.43357	0.43357	0.23077	429
0.29577	0.35681	0.30516	0.22535	639
0.32148	0.42292	0.30830	0.23320	759
0.36869	0.46970	0.31818	0.31818	198
0.36228	0.50263	0.34737	0.23684	1140
0.35636	0.44364	0.39636	0.22909	825
0.34752	0.45213	0.37766	0.21277	564
0.32292	0.41667	0.30903	0.24306	864
0.36691	0.48441	0.36211	0.25420	1251
0.31442	0.39480	0.32388	0.22459	1269
0.48910	0.49879	0.42373	0.54479	1239
0.35927	0.51362	0.35798	0.20623	771
0.32650	0.42213	0.34016	0.21721	732
0.37114	0.48955	0.37612	0.24776	1005
0.38847	0.55639	0.38722	0.22180	798
0.31356	0.38559	0.27542	0.27966	708
0.31587	0.43810	0.30476	0.20476	630
0.32760	0.41032	0.31941	0.25307	1221
0.30952	0.40260	0.28571	0.24026	462
0.32432	0.46847	0.30631	0.19820	666
0.33679	0.43523	0.36788	0.20725	579
0.32757	0.48789	0.27336	0.22145	867
0.31431	0.47826	0.24457	0.22011	1104
0.41867	0.52000	0.35200	0.38400	375
0.26538	0.34231	0.25385	0.20000	780
0.32203	0.44068	0.28602	0.23941	1416
0.32373	0.43548	0.29263	0.24309	2604
0.30298	0.42114	0.28293	0.20488	1845
0.31224	0.40823	0.27215	0.25633	948
0.35249	0.44828	0.27586	0.33333	261
0.35723	0.49057	0.34340	0.23774	795
0.33547	0.41667	0.33974	0.25000	468
0.32226	0.41692	0.30816	0.24169	993
0.34824	0.47529	0.32706	0.24235	1275
0.32776	0.46823	0.29097	0.22408	897
0.33755	0.46203	0.31013	0.24051	1422
0.32828	0.40909	0.34091	0.23485	1188
0.31183	0.46237	0.27957	0.19355	837
0.42146	0.59770	0.45977	0.20690	261
0.32312	0.45594	0.33333	0.18008	783
0.36935	0.56189	0.32220	0.22397	1527
0.34179	0.38478	0.35307	0.28753	1419
0.25293	0.35176	0.17588	0.23116	597
0.37427	0.51754	0.37427	0.23099	1026
0.33736	0.44686	0.35024	0.21498	1242
0.30912	0.37430	0.30168	0.25140	537
0.32647	0.44851	0.28146	0.24943	1311
0.33004	0.44711	0.32158	0.22144	2127
0.26190	0.31429	0.25714	0.21429	210
0.34031	0.46444	0.31381	0.24268	717
0.33417	0.46617	0.35088	0.18546	1197
0.29762	0.39286	0.30952	0.19048	252
0.35794	0.48993	0.36242	0.22148	447
0.30310	0.41289	0.26969	0.22673	1257
0.29847	0.41004	0.27615	0.20921	717
0.37518	0.54351	0.35521	0.22682	2103
0.33708	0.44944	0.25843	0.30337	267
0.29127	0.41325	0.25868	0.20189	951
0.32629	0.43662	0.30986	0.23239	852
0.31027	0.43711	0.30189	0.19182	954
0.31111	0.43333	0.29167	0.20833	360
0.34577	0.50789	0.29412	0.23529	2091
0.34877	0.45370	0.30556	0.28704	324
0.35165	0.45055	0.30769	0.29670	273
0.34966	0.50432	0.33429	0.21037	1041
0.31360	0.46711	0.24342	0.23026	456
0.32552	0.46165	0.29616	0.21875	4224
0.32528	0.44444	0.27536	0.25604	621
0.33427	0.47740	0.33333	0.19209	1062
0.34434	0.45946	0.33333	0.24024	999
0.32811	0.45692	0.29504	0.23238	1149
0.30256	0.35000	0.31154	0.24615	780
0.32000	0.40400	0.30000	0.25600	750
0.23118	0.32258	0.19355	0.17742	186
0.33333	0.48649	0.31351	0.20000	555
0.37815	0.52521	0.37395	0.23529	714
0.33984	0.50244	0.33171	0.18537	615
0.37277	0.49618	0.33969	0.28244	786
0.30175	0.40000	0.27368	0.23158	285
0.31355	0.46813	0.27912	0.19341	1365
0.28880	0.39271	0.25101	0.22267	741
0.34151	0.42331	0.35583	0.24540	489
0.32057	0.44498	0.29665	0.22010	627
0.31221	0.47887	0.22535	0.23239	426
0.31165	0.43722	0.26626	0.23147	1983
0.30940	0.42564	0.32308	0.17949	585
0.31270	0.40952	0.29524	0.23333	630
0.31111	0.37895	0.29123	0.26316	855
0.31092	0.41520	0.29825	0.21930	1026
0.34768	0.47329	0.34421	0.22552	2022
0.34249	0.45879	0.31044	0.25824	1092
0.31545	0.38314	0.27969	0.28352	783
0.31481	0.38889	0.35556	0.20000	270
0.31532	0.38739	0.30180	0.25676	666
0.28307	0.35714	0.28571	0.20635	378
0.36389	0.50833	0.29167	0.29167	360
0.32447	0.47340	0.28989	0.21011	1128
0.30531	0.38438	0.30631	0.22523	999
0.27451	0.35294	0.24265	0.22794	408
0.30476	0.41429	0.22857	0.27143	210
0.38596	0.44498	0.45694	0.25598	1254
0.31978	0.35772	0.29268	0.30894	369
0.29040	0.39394	0.28030	0.19697	396
0.30640	0.42576	0.22926	0.26419	1374
0.29706	0.39378	0.23834	0.25907	579
0.25901	0.39865	0.14189	0.23649	444
0.37259	0.49654	0.36721	0.25404	1299
0.30610	0.46304	0.21012	0.24514	771
0.34127	0.47917	0.32143	0.22321	1008
0.34590	0.47222	0.31746	0.24802	1512
0.34343	0.46465	0.25253	0.31313	297
0.36712	0.50000	0.36486	0.23649	444
0.35539	0.44853	0.30882	0.30882	408
0.32138	0.44622	0.30677	0.21116	753
0.33841	0.49130	0.29130	0.23261	1380
0.35405	0.48023	0.36158	0.22034	531
0.34966	0.45533	0.34438	0.24928	2082
0.32966	0.44353	0.31129	0.23416	1089
0.31276	0.43210	0.27160	0.23457	729
0.29570	0.37903	0.29032	0.21774	372
0.34654	0.47256	0.30488	0.26220	984
0.29412	0.36678	0.29066	0.22491	867
0.35356	0.49315	0.34247	0.22505	1533
0.33213	0.42086	0.30216	0.27338	834
0.34783	0.42609	0.37391	0.24348	345
0.34298	0.47107	0.31405	0.24380	726
0.35516	0.52976	0.24405	0.29167	504
0.39474	0.57895	0.28947	0.31579	228
0.36782	0.45977	0.41379	0.22989	261
0.37658	0.48770	0.31320	0.32886	1341
0.31638	0.45763	0.22034	0.27119	354
0.32604	0.46563	0.32812	0.18438	960
0.30382	0.44946	0.23642	0.22556	3591
0.30769	0.47436	0.23077	0.21795	234
0.37463	0.48673	0.38938	0.24779	339
0.30516	0.40000	0.26761	0.24789	1065
0.34953	0.46964	0.30364	0.27530	741
0.37480	0.47805	0.39512	0.25122	1230
0.35088	0.56579	0.21053	0.27632	228
0.35215	0.47581	0.34274	0.23790	744
0.38387	0.55484	0.33548	0.26129	930
0.38801	0.56151	0.39117	0.21136	951
0.38755	0.47892	0.42470	0.25904	996
0.36637	0.52553	0.32733	0.24625	999
0.35158	0.47264	0.30846	0.27363	603
0.39344	0.42623	0.47541	0.27869	183
0.35597	0.48148	0.27160	0.31481	486
0.34245	0.46020	0.31841	0.24876	1206
0.37738	0.54054	0.36036	0.23123	999
0.30431	0.39303	0.28856	0.23134	1206
0.32657	0.38579	0.33756	0.25635	1182
0.31398	0.45161	0.26452	0.22581	465
0.32708	0.44375	0.28750	0.25000	480
0.30631	0.41081	0.26486	0.24324	555
0.41228	0.50000	0.43421	0.30263	228
0.43421	0.51316	0.46053	0.32895	228
0.32622	0.43772	0.32740	0.21352	843
0.32747	0.46334	0.27713	0.24194	2046
0.31752	0.45351	0.28843	0.21063	1581
0.33333	0.47863	0.31624	0.20513	351
0.35450	0.41270	0.41270	0.23810	189
0.28962	0.27869	0.21311	0.37705	183
0.30503	0.44340	0.25472	0.21698	636
0.32565	0.46544	0.28111	0.23041	651
0.34127	0.44558	0.32313	0.25510	882
0.35942	0.51278	0.31150	0.25399	1878
0.32796	0.45968	0.30645	0.21774	744
0.33139	0.39650	0.30904	0.28863	1029
0.29438	0.39551	0.27416	0.21348	1335
0.38012	0.50439	0.40789	0.22807	684
0.32005	0.38645	0.29084	0.28287	753
0.36667	0.47742	0.32581	0.29677	930
0.35833	0.54375	0.28125	0.25000	480
0.33879	0.42292	0.32060	0.27285	2199
0.34417	0.46750	0.31750	0.24750	1200
0.29108	0.40845	0.32394	0.14085	213
0.33494	0.40865	0.27885	0.31731	624
0.34354	0.45918	0.34694	0.22449	294
0.30011	0.40550	0.24055	0.25430	873
0.35273	0.49818	0.34182	0.21818	825
0.35455	0.41379	0.38992	0.25995	1131
0.31629	0.44318	0.23295	0.27273	528
0.30123	0.39930	0.27320	0.23117	1713
0.27869	0.39344	0.25683	0.18579	549
0.38068	0.49565	0.31884	0.32754	1035
0.42813	0.52752	0.37615	0.38073	654
0.40860	0.53047	0.33333	0.36201	837
0.40214	0.50000	0.31193	0.39450	654
0.31215	0.41102	0.28390	0.24153	708
0.32568	0.45153	0.28827	0.23724	1176
0.41880	0.55128	0.34615	0.35897	234
0.34555	0.49738	0.30890	0.23037	573
0.35644	0.49835	0.35314	0.21782	909
0.36626	0.46502	0.32922	0.30453	729
0.35390	0.46429	0.33766	0.25974	924
0.38272	0.48148	0.35880	0.30787	1296
0.39563	0.47213	0.35410	0.36066	915
0.38734	0.53073	0.30168	0.32961	537
0.36044	0.48193	0.35542	0.24398	996
0.36710	0.51634	0.27778	0.30719	918
0.31724	0.43448	0.25517	0.26207	435
0.32000	0.42000	0.34000	0.20000	150
0.32195	0.39752	0.31056	0.25776	966
0.27948	0.38126	0.24071	0.21648	1857
0.32743	0.42257	0.30088	0.25885	1356
0.31423	0.42038	0.27389	0.24841	471
0.33195	0.47712	0.28017	0.23856	2163
0.36594	0.50000	0.31522	0.28261	552
0.38079	0.52164	0.36674	0.25399	2634
0.31734	0.46863	0.28782	0.19557	813
0.36604	0.47196	0.32710	0.29907	642
0.34629	0.44060	0.34125	0.25702	1389
0.32847	0.47445	0.29927	0.21168	411
0.30924	0.39357	0.26506	0.26908	747
0.37798	0.50893	0.37054	0.25446	672
0.33113	0.47195	0.26733	0.25413	909
0.32475	0.39056	0.32189	0.26180	699
0.33542	0.52500	0.23125	0.25000	480
0.31834	0.44122	0.28737	0.22642	2067
0.35141	0.46386	0.30422	0.28614	996
0.28788	0.39141	0.27020	0.20202	1188
0.30370	0.36667	0.25556	0.28889	270
0.34857	0.45143	0.34857	0.24571	1050
0.34685	0.48649	0.21622	0.33784	444
0.38172	0.45161	0.40323	0.29032	186
0.34203	0.48696	0.29565	0.24348	345
0.33553	0.42982	0.30263	0.27412	1368
0.29043	0.41914	0.25743	0.19472	909
0.31743	0.43384	0.30803	0.21041	1383
0.29268	0.43902	0.29268	0.14634	123
0.30318	0.42211	0.27638	0.21106	597
0.33333	0.37037	0.33333	0.29630	243
0.29630	0.31481	0.33333	0.24074	162
0.29630	0.40598	0.23932	0.24359	702
0.28805	0.39623	0.24906	0.21887	795
0.31640	0.37303	0.29247	0.28371	1713
0.30683	0.39121	0.29498	0.23431	1434
0.30960	0.38835	0.34628	0.19417	927
0.30225	0.36656	0.28617	0.25402	933
0.33704	0.38889	0.38889	0.23333	270
0.33750	0.38750	0.36250	0.26250	240
0.27586	0.28448	0.33621	0.20690	348
0.33830	0.39149	0.35532	0.26809	1410
0.32520	0.43496	0.31301	0.22764	738
0.33981	0.47249	0.29450	0.25243	927
0.39966	0.51938	0.42636	0.25323	1161
0.38717	0.51713	0.37520	0.26917	1839
0.32657	0.54822	0.19289	0.23858	591
0.32558	0.38372	0.28198	0.31105	1032
0.31117	0.39628	0.26596	0.27128	1128
0.35927	0.51159	0.31623	0.25000	1812
0.32963	0.37778	0.32222	0.28889	270
0.32552	0.40828	0.31448	0.25379	2175
0.32242	0.40050	0.30227	0.26448	1191
0.36749	0.50621	0.35093	0.24534	966
0.38838	0.51376	0.38532	0.26606	327
0.29123	0.31579	0.37895	0.17895	285
0.29990	0.38938	0.23304	0.27729	1017
0.32454	0.41161	0.29947	0.26253	2274
0.33472	0.43983	0.31120	0.25311	723
0.30441	0.37603	0.23140	0.30579	726
0.33733	0.39521	0.35928	0.25749	501
0.30645	0.40323	0.20968	0.30645	186
0.30137	0.46575	0.21918	0.21918	219
0.35616	0.47945	0.35274	0.23630	876
0.43860	0.56140	0.52632	0.22807	171
0.32990	0.35052	0.33505	0.30412	582
0.34842	0.42534	0.32127	0.29864	1326
0.33958	0.42697	0.32210	0.26966	801
0.35000	0.46042	0.31875	0.27083	1440
0.30591	0.46203	0.26582	0.18987	474
0.31188	0.43564	0.28218	0.21782	606
0.33807	0.42654	0.35782	0.22986	1266
0.32540	0.43254	0.32341	0.22024	1512
0.36963	0.52632	0.34664	0.23593	1653
0.35241	0.49591	0.34332	0.21798	1101
0.35791	0.42857	0.31336	0.33180	651
0.31921	0.47458	0.22881	0.25424	354
0.31937	0.48168	0.26702	0.20942	573
0.36164	0.44811	0.34434	0.29245	636
0.37155	0.44161	0.35244	0.32059	1413
0.35849	0.49292	0.34434	0.23821	1272
0.32407	0.45833	0.18056	0.33333	216
0.36458	0.54167	0.37500	0.17708	288
0.34513	0.47788	0.29204	0.26549	339
0.33016	0.49524	0.25714	0.23810	315
0.32796	0.43548	0.29839	0.25000	372
0.34990	0.42236	0.34783	0.27950	483
0.30846	0.41045	0.28358	0.23134	402
0.33264	0.46025	0.24895	0.28870	1434
0.29358	0.41284	0.24771	0.22018	654
0.33711	0.44175	0.31715	0.25243	1854
0.31345	0.43860	0.26667	0.23509	855
0.34267	0.45600	0.32400	0.24800	750
0.38596	0.53383	0.31579	0.30827	399
0.35883	0.42350	0.33880	0.31421	1098
0.30072	0.40217	0.23913	0.26087	276
0.34465	0.50189	0.32075	0.21132	795
0.34264	0.51163	0.28372	0.23256	645
0.34246	0.47066	0.34029	0.21643	2301
0.28131	0.34104	0.26012	0.24277	519
0.33573	0.45324	0.34173	0.21223	834
0.40000	0.51765	0.43529	0.24706	1020
0.35389	0.44934	0.35242	0.25991	681
0.31944	0.46875	0.28646	0.20312	576
0.30924	0.38554	0.27711	0.26506	249
0.37400	0.49313	0.37113	0.25773	1746
0.39196	0.49916	0.41709	0.25963	1791
0.35792	0.46721	0.34426	0.26230	366
0.32418	0.40659	0.26923	0.29670	546
0.34576	0.43478	0.35404	0.24845	483
0.32203	0.41102	0.28814	0.26695	708
0.37798	0.46429	0.35714	0.31250	336
0.35321	0.44266	0.35780	0.25917	1308
0.35333	0.46667	0.33333	0.26000	450
0.36723	0.51695	0.34746	0.23729	354
0.27146	0.39015	0.24242	0.18182	792
0.30660	0.42781	0.30481	0.18717	561
0.36294	0.50329	0.34375	0.24178	1824
0.36316	0.45000	0.41579	0.22368	1140
0.29167	0.37689	0.27273	0.22538	1584
0.37005	0.51304	0.37971	0.21739	1035
0.29412	0.37433	0.26203	0.24599	561
0.31658	0.44221	0.26633	0.24121	597
0.30584	0.43414	0.25430	0.22910	2619
0.34293	0.43885	0.31655	0.27338	417
0.27305	0.26596	0.26596	0.28723	282
0.36364	0.45779	0.37338	0.25974	924
0.44162	0.56853	0.35025	0.40609	591
0.33333	0.39683	0.30159	0.30159	189
0.30894	0.47154	0.21138	0.24390	369
0.29837	0.41958	0.21678	0.25874	429
0.27193	0.36842	0.22368	0.22368	456
0.36111	0.45833	0.35938	0.26562	1152
0.29560	0.42138	0.19497	0.27044	477
0.36477	0.49705	0.35756	0.23969	1527
0.36318	0.43284	0.40299	0.25373	201
0.33730	0.45238	0.29762	0.26190	252
0.34879	0.43709	0.39073	0.21854	906
0.31830	0.43609	0.32331	0.19549	399
0.30404	0.39540	0.27615	0.24059	1434
0.35969	0.49490	0.35969	0.22449	1176
0.34031	0.43455	0.29319	0.29319	573
0.36779	0.48315	0.34831	0.27191	1335
0.35461	0.44681	0.35106	0.26596	282
0.32304	0.42710	0.30703	0.23499	1749
0.32724	0.42691	0.28738	0.26744	1806
0.28606	0.41455	0.26182	0.18182	825
0.36970	0.50000	0.37273	0.23636	990
0.38367	0.51007	0.35235	0.28859	894
0.36243	0.52778	0.30159	0.25794	756
0.38567	0.54545	0.32645	0.28512	726
0.36174	0.45455	0.28977	0.34091	528
0.34722	0.43056	0.31481	0.29630	648
0.29282	0.35912	0.29834	0.22099	543
0.35632	0.43966	0.36638	0.26293	696
0.36746	0.46667	0.33571	0.30000	1260
0.33888	0.43406	0.30474	0.27785	2343
0.37831	0.49880	0.31807	0.31807	1245
0.35379	0.41516	0.37906	0.26715	831
0.35431	0.41608	0.35664	0.29021	858
0.34320	0.44083	0.33136	0.25740	1014
0.33025	0.45833	0.29630	0.23611	648
0.33951	0.36296	0.34815	0.30741	810
0.33000	0.40667	0.34667	0.23667	900
0.36896	0.49406	0.35629	0.25653	1263
0.35052	0.45876	0.30026	0.29253	2328
0.35312	0.48961	0.34421	0.22552	1011
0.38746	0.47436	0.43162	0.25641	702
0.43333	0.55000	0.49000	0.26000	300
0.27713	0.37791	0.16860	0.28488	516
0.30937	0.39216	0.27451	0.26144	918
0.32479	0.39744	0.21795	0.35897	234
0.33801	0.42757	0.27804	0.30841	1284
0.35196	0.44693	0.31285	0.29609	537
0.37121	0.47045	0.33636	0.30682	2640
0.35225	0.51773	0.30496	0.23404	423
0.31876	0.38798	0.38251	0.18579	549
0.38351	0.50538	0.45161	0.19355	558
0.33557	0.43624	0.31544	0.25503	894
0.31556	0.46667	0.28444	0.19556	675
0.31245	0.41834	0.26846	0.25056	1341
0.31481	0.39583	0.26389	0.28472	432
0.37112	0.51822	0.31579	0.27935	741
0.37402	0.50394	0.38189	0.23622	762
0.34727	0.44599	0.33798	0.25784	861
0.30426	0.36047	0.29070	0.26163	516
0.29293	0.38182	0.21818	0.27879	495
0.30920	0.36897	0.32069	0.23793	870
0.34765	0.41718	0.30061	0.32515	489
0.37531	0.44444	0.35926	0.32222	810
0.36338	0.38412	0.39914	0.30687	1398
0.39216	0.48529	0.37500	0.31618	408
0.30060	0.35714	0.27679	0.26786	336
0.35314	0.45628	0.34641	0.25673	2676
0.30962	0.37657	0.29707	0.25523	717
0.36286	0.46000	0.39429	0.23429	1050
0.31360	0.41118	0.27961	0.25000	912
0.31923	0.42692	0.28077	0.25000	780
0.33333	0.44492	0.36864	0.18644	708
0.33056	0.40000	0.33333	0.25833	720
0.36744	0.49175	0.29373	0.31683	909
0.36111	0.49342	0.33772	0.25219	1368
0.29630	0.41667	0.26667	0.20556	540
0.37225	0.49746	0.31980	0.29949	591
0.41297	0.58020	0.38908	0.26962	879
0.24036	0.33333	0.19728	0.19048	441
0.29932	0.46939	0.19728	0.23129	441
0.33796	0.43750	0.27315	0.30324	1296
0.35181	0.47228	0.26710	0.31605	4167
0.34635	0.45833	0.25781	0.32292	1152
0.35215	0.40726	0.30040	0.34879	1488
0.29980	0.43195	0.27219	0.19527	507
0.31746	0.42063	0.30952	0.22222	378
0.34891	0.41822	0.34346	0.28505	1284
0.43537	0.47619	0.36735	0.46259	441
0.51171	0.54559	0.44993	0.53961	2007
0.33333	0.40000	0.34545	0.25455	495
0.26797	0.29412	0.21569	0.29412	153
0.34205	0.43137	0.32680	0.26797	918
0.34775	0.47027	0.31351	0.25946	555
0.31685	0.45604	0.29670	0.19780	546
0.36688	0.47727	0.37662	0.24675	924
0.30079	0.42012	0.25740	0.22485	1014
0.45528	0.53659	0.39024	0.43902	123
0.28409	0.39773	0.23864	0.21591	264
0.31008	0.38372	0.27907	0.26744	258
0.28968	0.38095	0.25000	0.23810	252
0.28483	0.36028	0.21940	0.27483	1299
0.30224	0.40299	0.25498	0.24876	2412
0.29132	0.40616	0.19888	0.26891	1071
0.40879	0.56703	0.37363	0.28571	1365
0.38322	0.45578	0.34694	0.34694	441
0.46437	0.53214	0.44694	0.41405	2007
0.33333	0.41718	0.36196	0.22086	489
0.42748	0.51908	0.32061	0.44275	393
0.40816	0.54422	0.36054	0.31973	441
0.42995	0.49275	0.41304	0.38406	414
0.40202	0.46061	0.40000	0.34545	495
0.50855	0.51282	0.48718	0.52564	234
0.40969	0.48018	0.42291	0.32599	681
0.48176	0.61443	0.42786	0.40299	1206
0.44277	0.59639	0.41265	0.31928	996
0.32836	0.47761	0.22388	0.28358	402
0.35664	0.43124	0.34732	0.29138	1287
0.33796	0.43750	0.27315	0.30324	1296
0.35229	0.47228	0.26782	0.31677	4167
0.34549	0.45833	0.25521	0.32292	1152
0.35215	0.40726	0.30040	0.34879	1488
0.32764	0.48718	0.25641	0.23932	351
0.29741	0.42515	0.25749	0.20958	501
0.33333	0.42857	0.26190	0.30952	378
0.26190	0.40000	0.20000	0.18571	420
0.24537	0.31944	0.18056	0.23611	216
0.35709	0.43230	0.34442	0.29454	1263
0.33886	0.46409	0.31492	0.23757	543
0.29457	0.41860	0.29070	0.17442	258
0.31111	0.40000	0.29524	0.23810	315
0.33333	0.37838	0.29730	0.32432	111
0.33183	0.38009	0.32579	0.28959	663
0.29747	0.40190	0.28797	0.20253	948
0.33799	0.44972	0.30447	0.25978	1074
0.29840	0.35371	0.27511	0.26638	1374
0.31703	0.43478	0.26630	0.25000	552
0.34340	0.44631	0.34228	0.24161	894
0.33333	0.48852	0.33115	0.18033	915
0.32476	0.44286	0.30857	0.22286	1050
0.25267	0.32099	0.26667	0.17037	1215
0.27083	0.34211	0.27303	0.19737	912
0.28649	0.39216	0.30392	0.16340	918
0.27968	0.36675	0.29551	0.17678	1137
0.26053	0.28266	0.29550	0.20343	1401
0.29083	0.36500	0.28250	0.22500	1200
0.31032	0.36106	0.22478	0.34513	1695
0.33392	0.38272	0.23633	0.38272	1701
0.44370	0.53556	0.30222	0.49333	1350
0.37685	0.49555	0.34718	0.28783	1011
0.35609	0.47390	0.32129	0.27309	747
0.34317	0.38376	0.33579	0.30996	813
0.33333	0.47059	0.29596	0.23346	1632
0.35424	0.42160	0.36237	0.27875	861
0.30570	0.36788	0.30052	0.24870	579
0.35259	0.49037	0.31451	0.25289	2337
0.37490	0.49882	0.31294	0.31294	1275
0.39286	0.50000	0.35714	0.32143	588
0.31871	0.47113	0.26097	0.22402	1299
0.36789	0.46341	0.40244	0.23780	492
0.38616	0.51698	0.38113	0.26038	795
0.38050	0.51415	0.35849	0.26887	636
0.37107	0.45283	0.36226	0.29811	795
0.33333	0.46914	0.29630	0.23457	729
0.33176	0.45863	0.30496	0.23168	1269
0.39111	0.48000	0.43333	0.26000	450
0.38645	0.51793	0.41036	0.23108	1506
0.35733	0.45333	0.37600	0.24267	1125
0.41069	0.57806	0.36709	0.28692	711
0.38643	0.46903	0.30088	0.38938	339
0.41760	0.49441	0.42953	0.32886	1341
0.36000	0.48429	0.38143	0.21429	2100
0.30081	0.31707	0.36585	0.21951	123
0.39224	0.48649	0.33472	0.35551	1443
0.31395	0.43023	0.25581	0.25581	258
0.30453	0.49383	0.18519	0.23457	243
0.53012	0.62048	0.43072	0.53916	996
0.48095	0.58571	0.36667	0.49048	1260
0.49482	0.58696	0.41925	0.47826	966
0.50991	0.56331	0.43411	0.53230	1161
0.48185	0.60396	0.28713	0.55446	303
0.46273	0.53035	0.34824	0.50958	1878
0.33333	0.47904	0.31138	0.20958	501
0.31323	0.47236	0.26633	0.20101	597
0.36896	0.48092	0.37786	0.24809	786
0.27222	0.28333	0.28333	0.25000	180
0.48598	0.55763	0.33645	0.56386	963
0.49415	0.52924	0.39181	0.56140	1026
0.42444	0.48875	0.40514	0.37942	933
0.37568	0.45603	0.35179	0.31922	921
0.42917	0.54069	0.31103	0.43580	1659
0.37255	0.47269	0.32983	0.31513	1428
0.37628	0.47853	0.39468	0.25562	1467
0.37153	0.48958	0.26042	0.36458	288
0.35646	0.48567	0.31523	0.26848	1989
0.34363	0.42697	0.30478	0.29916	2136
0.32673	0.41584	0.30693	0.25743	303
0.33962	0.56604	0.24528	0.20755	318
0.37358	0.46014	0.38497	0.27563	1317
0.37003	0.52294	0.32110	0.26606	327
0.28862	0.34146	0.23171	0.29268	246
0.30880	0.41558	0.24387	0.26696	2079
0.35760	0.45824	0.33191	0.28266	1401
0.31792	0.38536	0.34104	0.22736	1557
0.35891	0.50895	0.32992	0.23785	1173
0.31698	0.46038	0.28679	0.20377	795
0.28378	0.33784	0.29730	0.21622	222
0.35476	0.50714	0.32143	0.23571	1260
0.35102	0.49902	0.30845	0.24558	1527
0.36423	0.50244	0.29756	0.29268	615
0.34916	0.47181	0.32641	0.24926	1011
0.35980	0.44850	0.35408	0.27682	1398
0.37284	0.50681	0.36376	0.24796	2202
0.36444	0.48444	0.32889	0.28000	675
0.35743	0.50602	0.25301	0.31325	249
0.29802	0.40678	0.25847	0.22881	708
0.37013	0.53247	0.35714	0.22078	462
0.34852	0.42299	0.40130	0.22126	1383
0.38077	0.50877	0.35283	0.28070	1539
0.38694	0.52165	0.37732	0.26186	1455
0.39606	0.57196	0.37823	0.23801	1626
0.37895	0.60000	0.30526	0.23158	285
0.29697	0.45758	0.18485	0.24848	990
0.27027	0.37838	0.27027	0.16216	111
0.30256	0.38462	0.27692	0.24615	195
0.37158	0.40984	0.27869	0.42623	183
0.36752	0.43590	0.38462	0.28205	117
0.36723	0.47215	0.39709	0.23245	1239
0.38164	0.56522	0.35507	0.22464	414
0.32040	0.40948	0.33621	0.21552	696
0.32998	0.40940	0.28859	0.29195	894
0.40463	0.47898	0.40951	0.32541	1641
0.39224	0.51724	0.39440	0.26509	1392
0.37076	0.51930	0.31579	0.27719	855
0.33574	0.43682	0.31047	0.25993	831
0.37121	0.40909	0.36364	0.34091	132
0.27863	0.32821	0.29231	0.21538	585
0.28588	0.38194	0.20486	0.27083	864
0.31224	0.39662	0.26582	0.27426	711
0.30501	0.34641	0.24183	0.32680	459
0.32889	0.43556	0.31111	0.24000	675
0.33054	0.43515	0.32636	0.23013	717
0.36970	0.49091	0.36000	0.25818	825
0.34069	0.41956	0.29338	0.30915	951
0.37537	0.51613	0.34897	0.26100	1023
0.35123	0.43624	0.32886	0.28859	447
0.35498	0.47186	0.35065	0.24242	693
0.35714	0.46104	0.33117	0.27922	462
0.34872	0.43590	0.33333	0.27692	585
0.38960	0.54140	0.34395	0.28344	942
0.38110	0.50318	0.37580	0.26433	942
0.36104	0.44988	0.31540	0.31785	1227
0.38108	0.54427	0.33594	0.26302	1152
0.32546	0.38976	0.30709	0.27953	762
0.34290	0.52459	0.27459	0.22951	732
0.34923	0.46985	0.32118	0.25666	2139
0.38482	0.50678	0.31436	0.33333	1107
0.37416	0.51336	0.29733	0.31180	2694
0.39521	0.53293	0.39521	0.25749	501
0.30203	0.37563	0.28680	0.24365	1182
0.36062	0.48538	0.28070	0.31579	513
0.34530	0.41026	0.32308	0.30256	585
0.32863	0.42353	0.30824	0.25412	1275
0.36604	0.47664	0.33178	0.28972	642
0.35897	0.45055	0.29670	0.32967	546
0.36653	0.48133	0.27801	0.34025	723
0.36953	0.44344	0.36652	0.29864	663
0.35242	0.46565	0.30153	0.29008	786
0.37155	0.43949	0.35456	0.32059	1413
0.39394	0.43939	0.37879	0.36364	198
0.32575	0.41110	0.33713	0.22902	2109
0.26176	0.39877	0.18405	0.20245	489
0.33333	0.41860	0.27132	0.31008	387
0.34744	0.40385	0.39615	0.24231	1560
0.33333	0.46491	0.28070	0.25439	342
0.25806	0.41935	0.11290	0.24194	186
0.35071	0.45765	0.32573	0.26873	1842
0.31026	0.38846	0.28846	0.25385	780
0.28680	0.39935	0.23701	0.22403	924
0.29699	0.37383	0.25857	0.25857	963
0.26134	0.31361	0.27219	0.19822	1014
0.39671	0.48395	0.43951	0.26667	1215
0.30263	0.43421	0.25000	0.22368	228
0.30022	0.46358	0.19868	0.23841	453
0.34946	0.50000	0.31183	0.23656	558
0.37472	0.49329	0.33893	0.29195	894
0.36175	0.47193	0.37422	0.23909	1443
0.28302	0.41509	0.21384	0.22013	477
0.30435	0.42391	0.21739	0.27174	276
0.35252	0.38849	0.34532	0.32374	417
0.34348	0.42174	0.34348	0.26522	690
0.33741	0.46060	0.29348	0.25815	2208
0.38384	0.53283	0.39394	0.22475	1188
0.35516	0.54167	0.35119	0.17262	504
0.28333	0.38889	0.21667	0.24444	540
0.31774	0.40351	0.32749	0.22222	513
0.33952	0.46804	0.30928	0.24124	1455
0.31549	0.39615	0.31049	0.23983	1401
0.34366	0.45575	0.31858	0.25664	678
0.36676	0.48673	0.33628	0.27729	1017
0.23529	0.33333	0.13725	0.23529	153
0.33333	0.43066	0.31387	0.25547	822
0.32593	0.43556	0.29778	0.24444	675
0.30208	0.42969	0.21094	0.26562	384
0.36211	0.36691	0.41007	0.30935	1251
0.39394	0.52841	0.36364	0.28977	528
0.33506	0.47804	0.29199	0.23514	1161
0.34722	0.45833	0.29167	0.29167	360
0.36471	0.49020	0.34118	0.26275	765
0.29742	0.41751	0.31313	0.16162	891
0.39030	0.53818	0.34182	0.29091	825
0.33333	0.48239	0.30986	0.20775	852
0.32768	0.43220	0.29661	0.25424	354
0.35052	0.46861	0.35874	0.22422	1338
0.26554	0.38418	0.22034	0.19209	531
0.36173	0.49162	0.34358	0.25000	2148
0.33040	0.46696	0.30396	0.22026	681
0.28154	0.39442	0.23307	0.21713	1506
0.36111	0.43750	0.39120	0.25463	1296
0.39891	0.49925	0.40686	0.29061	2013
0.27807	0.38235	0.26471	0.18717	1122
0.40156	0.52500	0.39062	0.28906	1920
0.38194	0.51823	0.34115	0.28646	1152
0.31159	0.45290	0.24638	0.23551	828
0.29835	0.44444	0.26543	0.18519	486
0.39400	0.51820	0.38116	0.28266	1401
0.36181	0.47785	0.34810	0.25949	948
0.31148	0.42077	0.27869	0.23497	1647
0.38426	0.52778	0.36574	0.25926	1296
0.37179	0.49231	0.37949	0.24359	1170
0.38971	0.52941	0.38235	0.25735	408
0.35929	0.45082	0.32787	0.29918	732
0.40065	0.49511	0.44300	0.26384	921
0.38149	0.50425	0.40793	0.23229	1059
0.34706	0.50000	0.30588	0.23529	1530
0.37216	0.51420	0.32670	0.27557	1056
0.35981	0.51402	0.32243	0.24299	642
0.35417	0.49038	0.33894	0.23317	1248
0.37793	0.48829	0.33779	0.30769	897
0.41394	0.53091	0.40909	0.30182	1650
0.35707	0.44394	0.33939	0.28788	1980
0.32942	0.38967	0.33333	0.26526	1278
0.33171	0.43415	0.27317	0.28780	615
0.34825	0.40272	0.40272	0.23930	1542
0.39512	0.52211	0.37585	0.28741	3528
0.30203	0.37563	0.28680	0.24365	1182
0.27444	0.38000	0.25333	0.19000	900
0.40549	0.53963	0.33537	0.34146	984
0.38627	0.53529	0.31471	0.30882	1020
0.40250	0.54467	0.30548	0.35735	1041
0.28533	0.34400	0.32533	0.18667	1125
0.29132	0.40336	0.23529	0.23529	357
0.31472	0.39086	0.27919	0.27411	591
0.32456	0.43985	0.27068	0.26316	798
0.26357	0.33333	0.20930	0.24806	387
0.30992	0.39669	0.23967	0.29339	726
0.24350	0.32624	0.21277	0.19149	423
0.31856	0.41379	0.36946	0.17241	609
0.29110	0.36652	0.30769	0.19910	663
0.34585	0.41784	0.36150	0.25822	639
0.31337	0.36228	0.31737	0.26048	1002
0.32068	0.41139	0.31646	0.23418	948
0.36190	0.48254	0.30476	0.29841	945
0.33995	0.44444	0.31746	0.25794	756
0.37509	0.44586	0.35032	0.32909	1413
0.33583	0.42322	0.32210	0.26217	801
0.34842	0.42760	0.32127	0.29638	1326
0.34536	0.35052	0.34536	0.34021	582
0.34343	0.47658	0.31680	0.23691	1089
0.36382	0.50610	0.33232	0.25305	984
0.35484	0.48680	0.30792	0.26979	1023
0.37368	0.52738	0.31988	0.27378	1041
0.36834	0.44292	0.31963	0.34247	657
0.32489	0.37342	0.34177	0.25949	948
0.31556	0.37333	0.28000	0.29333	225
0.44444	0.46930	0.39912	0.46491	684
0.36469	0.45792	0.33911	0.29703	1212
0.32732	0.43321	0.27076	0.27798	831
0.28516	0.33594	0.27344	0.24609	768
0.38095	0.45918	0.33673	0.34694	294
0.39467	0.49600	0.38800	0.30000	750
0.36683	0.48325	0.34450	0.27273	1881
0.37744	0.50769	0.34462	0.28000	975
0.34605	0.47992	0.31325	0.24498	1494
0.33865	0.42629	0.34661	0.24303	753
0.36216	0.45946	0.30811	0.31892	555
0.31860	0.46133	0.26519	0.22928	1086
0.35792	0.50410	0.33607	0.23361	732
0.36214	0.44444	0.38889	0.25309	486
0.36102	0.46006	0.38019	0.24281	939
0.35433	0.47638	0.31890	0.26772	1524
0.35936	0.45770	0.31236	0.30803	1383
0.33583	0.43071	0.29213	0.28464	801
0.36254	0.43202	0.40785	0.24773	993
0.36076	0.49051	0.32911	0.26266	948
0.37940	0.53659	0.34959	0.25203	369
0.34074	0.53333	0.27778	0.21111	270
0.34568	0.42328	0.34656	0.26720	1134
0.33159	0.50262	0.29843	0.19372	573
0.40727	0.49624	0.43233	0.29323	798
0.37923	0.51449	0.28986	0.33333	414
0.38130	0.51707	0.30976	0.31707	1230
0.39755	0.50459	0.31193	0.37615	327
0.38856	0.46746	0.36686	0.33136	1014
0.35227	0.45455	0.30303	0.29924	792
0.37227	0.42450	0.34473	0.34758	1053
0.42825	0.44068	0.32542	0.51864	885
0.33682	0.45550	0.34031	0.21466	573
0.30015	0.38688	0.23529	0.27828	1326
0.32196	0.42782	0.28084	0.25722	1143
0.34505	0.45687	0.31310	0.26518	939
0.30935	0.38849	0.21583	0.32374	417
0.34240	0.40816	0.33673	0.28231	882
0.32941	0.43137	0.31765	0.23922	765
0.37107	0.41509	0.38868	0.30943	795
0.36540	0.45861	0.35123	0.28635	1341
0.32807	0.44053	0.30825	0.23544	2472
0.33014	0.43770	0.31310	0.23962	939
0.36345	0.46729	0.34268	0.28037	963
0.36655	0.38434	0.37722	0.33808	843
0.34844	0.41994	0.35347	0.27190	993
0.37315	0.43515	0.38225	0.30205	1758
0.32597	0.43646	0.31768	0.22376	1086
0.31777	0.38521	0.31907	0.24903	771
0.32415	0.38583	0.35827	0.22835	762
0.35509	0.47774	0.33531	0.25223	1011
0.37816	0.50204	0.36838	0.26406	3681
0.29820	0.40617	0.26221	0.22622	1167
0.29478	0.46939	0.25170	0.16327	441
0.30949	0.43942	0.24818	0.24088	2055
0.39388	0.52192	0.39040	0.26931	1437
0.33835	0.44301	0.31398	0.25806	1395
0.36537	0.51259	0.33638	0.24714	1311
0.35736	0.52252	0.25225	0.29730	333
0.34295	0.45192	0.26923	0.30769	312
0.30933	0.43600	0.29600	0.19600	750
0.35709	0.45606	0.37530	0.23990	1263
0.32816	0.45565	0.27938	0.24945	2706
0.30224	0.37687	0.23881	0.29104	804
0.33721	0.48837	0.20930	0.31395	258
0.35173	0.50974	0.35390	0.19156	924
0.35507	0.50815	0.32337	0.23370	1104
0.29630	0.39815	0.30556	0.18519	324
0.35328	0.41880	0.37607	0.26496	702
0.38474	0.49572	0.34027	0.31824	2451
0.46465	0.51515	0.45455	0.42424	198
0.36255	0.41833	0.36255	0.30677	753
0.33747	0.44215	0.29752	0.27273	726
0.32720	0.41718	0.31288	0.25153	489
0.37072	0.49533	0.36137	0.25545	963
0.33333	0.43716	0.30601	0.25683	1098
0.31809	0.40244	0.27744	0.27439	984
0.29872	0.38251	0.26230	0.25137	549
0.32381	0.48571	0.31429	0.17143	105
0.35484	0.47581	0.34677	0.24194	372
0.37681	0.46377	0.36232	0.30435	207
0.30556	0.38542	0.27083	0.26042	288
0.39039	0.51351	0.35435	0.30330	999
0.41705	0.55814	0.38605	0.30698	645
0.42166	0.53312	0.41640	0.31546	951
0.37778	0.50196	0.35294	0.27843	765
0.41240	0.50233	0.38605	0.34884	645
0.36951	0.51163	0.33721	0.25969	774
0.35436	0.49065	0.33411	0.23832	1284
0.37631	0.49518	0.40361	0.23012	2490
0.36154	0.46667	0.35641	0.26154	1170
0.31452	0.45968	0.30645	0.17742	744
0.28667	0.44000	0.22000	0.20000	300
0.33098	0.45176	0.36471	0.17647	1275
0.33192	0.46742	0.28612	0.24221	2118
0.37618	0.47815	0.36247	0.28792	1167
0.38288	0.53378	0.36486	0.25000	444
0.36896	0.50181	0.34601	0.25906	1656
0.31906	0.40979	0.28135	0.26606	981
0.32249	0.46883	0.27371	0.22493	1107
0.38320	0.58268	0.28346	0.28346	381
0.36458	0.47321	0.34152	0.27902	1344
0.38351	0.51753	0.32784	0.30515	1455
0.38567	0.53719	0.34986	0.26997	1089
0.35431	0.44056	0.29371	0.32867	429
0.31367	0.42416	0.28652	0.23034	1068
0.33152	0.41417	0.29428	0.28610	1101
0.28758	0.40523	0.20261	0.25490	459
0.37607	0.46795	0.38782	0.27244	936
0.26667	0.37143	0.18857	0.24000	525
0.35877	0.50201	0.32932	0.24498	747
0.36876	0.43961	0.35266	0.31401	621
0.34276	0.46530	0.28792	0.27506	1167
0.28897	0.38403	0.25856	0.22433	1578
0.34671	0.46296	0.33025	0.24691	972
0.32203	0.44068	0.27119	0.25424	177
0.28276	0.35172	0.23448	0.26207	435
0.36199	0.47964	0.33032	0.27602	663
0.38054	0.51156	0.34971	0.28035	1038
0.31324	0.43718	0.23430	0.26825	3534
0.35796	0.48276	0.31034	0.28079	1218
0.34738	0.47731	0.26418	0.30065	3702
0.33101	0.42348	0.28174	0.28783	3450
0.39506	0.48971	0.36214	0.33333	729
0.36480	0.42347	0.39286	0.27806	1176
0.35065	0.45455	0.33333	0.26407	693
0.35723	0.44906	0.34717	0.27547	1590
0.35813	0.43982	0.37856	0.25602	1371
0.34530	0.45385	0.30769	0.27436	1170
0.36093	0.47134	0.31210	0.29936	471
0.33565	0.45139	0.25694	0.29861	432
0.36652	0.48918	0.41558	0.19481	693
0.35849	0.45283	0.35849	0.26415	318
0.29534	0.32353	0.31618	0.24632	816
0.34842	0.47737	0.30041	0.26749	729
0.34551	0.44749	0.30746	0.28158	1971
0.39394	0.53409	0.35227	0.29545	264
0.39059	0.52147	0.32515	0.32515	489
0.35733	0.44473	0.36761	0.25964	1167
0.34639	0.48303	0.32898	0.22715	1149
0.32292	0.45312	0.31771	0.19792	576
0.30788	0.40394	0.29310	0.22660	1218
0.34740	0.50325	0.35390	0.18506	924
0.34378	0.42633	0.41066	0.19436	957
0.31321	0.43058	0.28773	0.22133	1491
0.31552	0.42748	0.29771	0.22137	393
0.34516	0.48387	0.33226	0.21935	930
0.34129	0.45970	0.32537	0.23881	1005
0.30747	0.38506	0.34483	0.19253	1044
0.35981	0.44393	0.29673	0.33879	1284
0.32414	0.34336	0.28822	0.34085	1197
0.32336	0.44140	0.31172	0.21696	1203
0.37649	0.47321	0.36161	0.29464	1344
0.36093	0.50446	0.35032	0.22803	2355
0.30012	0.38434	0.33096	0.18505	843
0.30373	0.34868	0.34211	0.22039	912
0.34937	0.48326	0.35356	0.21130	1434
0.37126	0.47904	0.38723	0.24750	1503
0.36674	0.48747	0.33485	0.27790	1317
0.39456	0.42857	0.42857	0.32653	147
0.35627	0.49083	0.27523	0.30275	654
0.35045	0.39509	0.37723	0.27902	1344
0.31135	0.42128	0.29574	0.21702	1410
0.37302	0.51190	0.33631	0.27083	1008
0.32859	0.48341	0.35545	0.14692	633
0.31153	0.40498	0.30218	0.22741	963
0.30879	0.42331	0.27607	0.22699	489
0.35473	0.43919	0.38514	0.23986	888
0.35128	0.50000	0.38077	0.17308	780
0.32117	0.46715	0.23358	0.26277	411
0.31368	0.40175	0.26638	0.27293	2748
0.31352	0.37726	0.31783	0.24548	1161
0.36265	0.50000	0.37500	0.21296	648
0.38318	0.51402	0.34579	0.28972	963
0.35602	0.48168	0.34817	0.23822	1146
0.33162	0.41795	0.38718	0.18974	1170
0.31271	0.45361	0.27835	0.20619	291
0.32917	0.48438	0.35000	0.15313	960
0.35168	0.52294	0.32110	0.21101	327
0.27426	0.42405	0.23418	0.16456	474
0.33946	0.45612	0.31020	0.25204	2940
0.26139	0.34532	0.23022	0.20863	417
0.29060	0.42308	0.32051	0.12821	234
0.36408	0.45756	0.34317	0.29151	813
0.24603	0.30952	0.19048	0.23810	126
0.38338	0.46381	0.38070	0.30563	1119
0.33333	0.39847	0.36207	0.23946	1566
0.34732	0.55245	0.29371	0.19580	429
0.27540	0.31486	0.26952	0.24181	1191
0.28283	0.33333	0.27273	0.24242	99
0.32440	0.45536	0.25893	0.25893	336
0.39326	0.52060	0.38202	0.27715	801
0.35714	0.46429	0.32540	0.28175	756
0.39438	0.50000	0.38081	0.30233	1032
0.30651	0.41379	0.28736	0.21839	261
0.31661	0.45878	0.30824	0.18280	837
0.33046	0.44540	0.31034	0.23563	1044
0.32042	0.41373	0.29930	0.24824	1704
0.38133	0.54400	0.37333	0.22667	1125
0.37410	0.49880	0.35731	0.26619	1251
0.27600	0.36800	0.26000	0.20000	750
0.40741	0.50505	0.38384	0.33333	297
0.39957	0.53205	0.39744	0.26923	468
0.39021	0.55450	0.35071	0.26540	633
0.40268	0.54362	0.40940	0.25503	447
0.37013	0.47403	0.35714	0.27922	462
0.35493	0.51268	0.32676	0.22535	1065
0.37778	0.44167	0.41667	0.27500	720
0.47170	0.52830	0.43396	0.45283	159
0.35948	0.49580	0.31933	0.26331	1071
0.33214	0.48929	0.25714	0.25000	840
0.32039	0.43366	0.29773	0.22977	927
0.38316	0.52062	0.35567	0.27320	582
0.35160	0.41096	0.39726	0.24658	219
0.35102	0.45972	0.35363	0.23969	1527
0.37911	0.51408	0.36620	0.25704	852
0.29630	0.40171	0.22222	0.26496	351
0.30260	0.41844	0.26950	0.21986	423
0.35294	0.47059	0.41912	0.16912	816
0.29668	0.40838	0.32461	0.15707	573
0.33794	0.44700	0.35945	0.20737	651
0.32474	0.45876	0.35052	0.16495	582
0.34479	0.41563	0.40313	0.21563	960
0.35736	0.50676	0.36937	0.19595	1332
0.27564	0.32692	0.23077	0.26923	156
0.35642	0.50713	0.32383	0.23829	1473
0.26204	0.32948	0.21965	0.23699	519
0.32773	0.48739	0.31092	0.18487	357
0.37027	0.53125	0.34091	0.23864	1056
0.29528	0.36986	0.27854	0.23744	657
0.25277	0.37462	0.23867	0.14502	993
0.27891	0.37755	0.26020	0.19898	588
0.27848	0.41772	0.24051	0.17722	237
0.34564	0.48011	0.34659	0.21023	1056
0.31630	0.45255	0.28467	0.21168	822
0.34109	0.46802	0.34593	0.20930	1032
0.33594	0.49219	0.26953	0.24609	768
0.35594	0.45268	0.32019	0.29495	1902
0.31197	0.41453	0.26282	0.25855	1404
0.36015	0.45977	0.35632	0.26437	522
0.34872	0.42564	0.36923	0.25128	585
0.38095	0.45238	0.28571	0.40476	252
0.31379	0.41724	0.29310	0.23103	870
0.33455	0.49270	0.32117	0.18978	822
0.29853	0.42972	0.27711	0.18876	747
0.33660	0.43137	0.31373	0.26471	1224
0.34580	0.50340	0.27551	0.25850	882
0.28513	0.37231	0.24923	0.23385	975
0.28118	0.36054	0.23810	0.24490	441
0.36364	0.44545	0.39091	0.25455	330
0.35131	0.46569	0.27941	0.30882	612
0.34459	0.47046	0.32068	0.24262	1422
0.32889	0.37333	0.28000	0.33333	225
0.30716	0.38743	0.29843	0.23560	573
0.38819	0.52532	0.38291	0.25633	948
0.36356	0.48775	0.31618	0.28676	1224
0.38490	0.43646	0.45304	0.26519	543
0.36842	0.52632	0.27632	0.30263	228
0.39324	0.43318	0.41475	0.33180	651
0.29754	0.34564	0.28188	0.26510	894
0.28311	0.41096	0.20548	0.23288	219
0.37723	0.54321	0.29218	0.29630	729
0.37460	0.52611	0.39072	0.20696	1551
0.39402	0.56522	0.37500	0.24185	1104
0.40380	0.46081	0.43230	0.31829	1263
0.32756	0.43654	0.32308	0.22308	1560
0.37207	0.53514	0.34595	0.23514	1110
0.30769	0.42184	0.31266	0.18859	1209
0.36185	0.47594	0.34225	0.26738	561
0.32620	0.42781	0.34759	0.20321	561
0.34875	0.50178	0.35587	0.18861	843
0.37124	0.47492	0.39465	0.24415	897
0.36836	0.48239	0.37493	0.24776	5025
0.37630	0.47266	0.39844	0.25781	768
0.34049	0.46933	0.28834	0.26380	978
0.32190	0.39714	0.31143	0.25714	1050
0.32310	0.43990	0.27877	0.25064	1173
0.34384	0.42980	0.35530	0.24642	1047
0.36925	0.45791	0.34007	0.30976	891
0.35314	0.46205	0.31353	0.28383	909
0.34713	0.44904	0.30892	0.28344	1884
0.23977	0.29825	0.15789	0.26316	171
0.34047	0.47706	0.32722	0.21713	981
0.33846	0.45538	0.34154	0.21846	975
0.31406	0.41497	0.29592	0.23129	882
0.34549	0.41641	0.36778	0.25228	987
0.37385	0.49595	0.35170	0.27391	1851
0.33524	0.42693	0.30372	0.27507	1047
0.32231	0.45868	0.26860	0.23967	726
0.33062	0.42683	0.34146	0.22358	738
0.39773	0.51136	0.32955	0.35227	264
0.27106	0.29670	0.26374	0.25275	273
0.27839	0.37363	0.19780	0.26374	273
0.34186	0.46036	0.29668	0.26854	1173
0.28385	0.33594	0.28906	0.22656	384
0.29136	0.30370	0.31111	0.25926	405
0.35833	0.49000	0.33500	0.25000	600
0.37798	0.56250	0.31250	0.25893	336
0.31920	0.43353	0.28902	0.23507	1557
0.30226	0.41390	0.27804	0.21485	1899
0.36242	0.46980	0.37584	0.24161	447
0.30854	0.38017	0.27686	0.26860	726
0.28607	0.39552	0.23507	0.22761	804
0.30556	0.40152	0.25758	0.25758	396
0.36300	0.41284	0.41009	0.26606	3270
0.39761	0.43946	0.51121	0.24215	669
0.35567	0.45361	0.29381	0.31959	582
0.31921	0.42373	0.28814	0.24576	354
0.35385	0.43077	0.20000	0.43077	195
0.28589	0.40876	0.24088	0.20803	822
0.29412	0.40441	0.25735	0.22059	408
0.41429	0.46429	0.40714	0.37143	420
0.34685	0.39189	0.33784	0.31081	222
0.32800	0.43600	0.27600	0.27200	750
0.32787	0.39672	0.30820	0.27869	915
0.38342	0.47668	0.29793	0.37565	1158
0.37936	0.48117	0.30544	0.35146	717
0.39377	0.51648	0.35165	0.31319	546
0.38202	0.50562	0.29213	0.34831	534
0.39624	0.46761	0.32676	0.39437	1065
0.41267	0.50923	0.37454	0.35424	1626
0.34420	0.45652	0.26087	0.31522	276
0.43913	0.47610	0.46845	0.37285	1569
0.40251	0.47876	0.32680	0.40196	1836
0.39245	0.52217	0.32020	0.33498	609
0.35168	0.44037	0.31193	0.30275	327
0.42353	0.48235	0.40000	0.38824	255
0.37538	0.44144	0.31532	0.36937	333
0.38095	0.47619	0.30952	0.35714	126
0.33563	0.53103	0.20000	0.27586	435
0.27778	0.32883	0.24775	0.25676	666
0.26776	0.35519	0.26230	0.18579	549
0.24269	0.31579	0.24561	0.16667	342
0.36508	0.48299	0.25850	0.35374	441
0.30233	0.39535	0.23256	0.27907	129
0.36970	0.47273	0.27273	0.36364	330
0.29778	0.30667	0.37333	0.21333	225
0.35641	0.46923	0.30769	0.29231	390
0.35028	0.42373	0.27966	0.34746	354
0.24870	0.27344	0.27344	0.19922	768
0.33512	0.42895	0.28418	0.29223	1119
0.38239	0.47993	0.34281	0.32441	1794
0.36456	0.49415	0.35129	0.24824	1281
0.36587	0.47939	0.35575	0.26247	1383
0.34455	0.46635	0.33894	0.22837	1248
0.34503	0.43860	0.36842	0.22807	171
0.42605	0.61148	0.40618	0.26049	1359
0.35876	0.46434	0.31675	0.29519	1809
0.47013	0.47977	0.36994	0.56069	519
0.44615	0.49231	0.33846	0.50769	585
0.30203	0.37563	0.28680	0.24365	1182
0.43269	0.47596	0.30288	0.51923	624
0.47101	0.55652	0.39130	0.46522	1380
0.50028	0.58206	0.39932	0.51946	1773
0.39091	0.46364	0.34545	0.36364	330
0.42289	0.51045	0.28358	0.47463	1005
0.42289	0.54229	0.29353	0.43284	603
0.46791	0.61491	0.44720	0.34161	483
0.42756	0.51520	0.32523	0.44225	1974
0.41049	0.55556	0.29630	0.37963	324
0.48943	0.57317	0.39756	0.49756	1230
0.33776	0.42035	0.26106	0.33186	678
0.38676	0.47404	0.34763	0.33860	1329
0.34685	0.52027	0.25676	0.26351	444
0.33994	0.43902	0.28811	0.29268	1968
0.30913	0.38284	0.31683	0.22772	909
0.26861	0.42718	0.17476	0.20388	309
0.37453	0.40449	0.46067	0.25843	267
0.38411	0.47020	0.39073	0.29139	453
0.34028	0.37500	0.29167	0.35417	288
0.32850	0.40580	0.33333	0.24638	207
0.32164	0.40351	0.30175	0.25965	855
0.35106	0.46809	0.31915	0.26596	564
0.35500	0.47548	0.33523	0.25428	2631
0.37348	0.48905	0.35036	0.28102	822
0.35166	0.46048	0.32302	0.27148	873
0.29762	0.36905	0.29762	0.22619	504
0.36220	0.46457	0.36220	0.25984	1143
0.32056	0.46690	0.28920	0.20557	861
0.34115	0.46875	0.34766	0.20703	768
0.32962	0.43494	0.24907	0.30483	807
0.33557	0.47651	0.26846	0.26174	447
0.30844	0.42739	0.26971	0.22822	723
0.35384	0.46372	0.35174	0.24606	1902
0.32397	0.46652	0.29374	0.21166	1389
0.35266	0.48792	0.27053	0.29952	621
0.32045	0.37198	0.31884	0.27053	621
0.33333	0.30000	0.40000	0.30000	210
0.26496	0.33333	0.29060	0.17094	351
0.36296	0.33333	0.48889	0.26667	135
